 40 47 E2 04 00 00 00 00 00 00 00 00 00 00 00 00 FF 00 00 00 00 00 00 1E
 40 47 E2 04 00 00 00 00 00 00 00 00 00 00 00 00 FF 00 00 00 00 00 00 1E
 40 47 E2 04 00 00 00 00 00 00 00 00 00 00 00 00 FF 00 00 00 00 00 C0 DE
 40 47 E2 04 00 00 00 00 00 00 00 00 00 00 00 00 FF 00 00 00 00 00 C0 DE
 40 55 00 00 00 00 00 00 00 00 00 00 00 00 00 00 0A 00 00 00 00 00 00 1F
 40 55 00 00 00 00 00 00 00 00 00 00 00 00 00 00 0A 00 00 00 00 00 00 1F
 40 41 1A 9B 00 00 00 00 00 00 00 00 00 00 00 00 00 01 00 00 00 00 00 81
 40 41 1A 9B 00 00 00 00 00 00 00 00 00 00 00 00 00 01 00 00 00 00 00 81
 40 41 D7 2F 00 00 00 00 00 00 00 00 00 00 00 00 01 01 00 00 00 00 00 F9
 40 41 D7 2F 00 00 00 00 00 00 00 00 00 00 00 00 01 01 00 00 00 00 00 F9
 40 41 6E 27 00 00 00 00 00 00 00 00 00 00 00 00 02 01 00 00 00 00 00 4B
 40 41 6E 27 00 00 00 00 00 00 00 00 00 00 00 00 02 01 00 00 00 00 00 4B
 40 41 70 22 00 00 00 00 00 00 00 00 00 00 00 00 03 01 00 00 00 00 00 51
 40 41 70 22 00 00 00 00 00 00 00 00 00 00 00 00 03 01 00 00 00 00 00 51
 40 41 03 1F 00 00 00 00 00 00 00 00 00 00 00 00 04 01 00 00 00 00 00 18
 40 41 03 1F 00 00 00 00 00 00 00 00 00 00 00 00 04 01 00 00 00 00 00 18
 40 41 76 1C 00 00 00 00 00 00 00 00 00 00 00 00 05 01 00 00 00 00 00 6F
 40 41 76 1C 00 00 00 00 00 00 00 00 00 00 00 00 05 01 00 00 00 00 00 6F
 40 41 76 1A 00 00 00 00 00 00 00 00 00 00 00 00 06 01 00 00 00 00 00 6A
 40 41 76 1A 00 00 00 00 00 00 00 00 00 00 00 00 06 01 00 00 00 00 00 6A
 40 41 D7 18 00 00 00 00 00 00 00 00 00 00 00 00 07 01 00 00 00 00 00 C8
 40 41 D7 18 00 00 00 00 00 00 00 00 00 00 00 00 07 01 00 00 00 00 00 C8
 40 41 7D 17 00 00 00 00 00 00 00 00 00 00 00 00 08 01 00 00 00 00 00 62
 40 41 7D 17 00 00 00 00 00 00 00 00 00 00 00 00 08 01 00 00 00 00 00 62
 40 41 57 16 00 00 00 00 00 00 00 00 00 00 00 00 09 01 00 00 00 00 00 48
 40 41 57 16 00 00 00 00 00 00 00 00 00 00 00 00 09 01 00 00 00 00 00 48
 40 41 59 15 00 00 00 00 00 00 00 00 00 00 00 00 0A 01 00 00 00 00 00 46
 40 41 59 15 00 00 00 00 00 00 00 00 00 00 00 00 0A 01 00 00 00 00 00 46
 40 41 7A 14 00 00 00 00 00 00 00 00 00 00 00 00 0B 01 00 00 00 00 00 65
 40 41 7A 14 00 00 00 00 00 00 00 00 00 00 00 00 0B 01 00 00 00 00 00 65
 40 41 B5 13 00 00 00 00 00 00 00 00 00 00 00 00 0C 01 00 00 00 00 00 AA
 40 41 B5 13 00 00 00 00 00 00 00 00 00 00 00 00 0C 01 00 00 00 00 00 AA
 40 41 05 13 00 00 00 00 00 00 00 00 00 00 00 00 0D 01 00 00 00 00 00 1B
 40 41 05 13 00 00 00 00 00 00 00 00 00 00 00 00 0D 01 00 00 00 00 00 1B
 40 41 66 12 00 00 00 00 00 00 00 00 00 00 00 00 0E 01 00 00 00 00 00 7A
 40 41 66 12 00 00 00 00 00 00 00 00 00 00 00 00 0E 01 00 00 00 00 00 7A
 40 41 D6 11 00 00 00 00 00 00 00 00 00 00 00 00 0F 01 00 00 00 00 00 C8
 40 41 D6 11 00 00 00 00 00 00 00 00 00 00 00 00 0F 01 00 00 00 00 00 C8
 40 41 53 11 00 00 00 00 00 00 00 00 00 00 00 00 10 01 00 00 00 00 00 52
 40 41 53 11 00 00 00 00 00 00 00 00 00 00 00 00 10 01 00 00 00 00 00 52
 40 41 DA 10 00 00 00 00 00 00 00 00 00 00 00 00 11 01 00 00 00 00 00 DB
 40 41 DA 10 00 00 00 00 00 00 00 00 00 00 00 00 11 01 00 00 00 00 00 DB
 40 41 6B 10 00 00 00 00 00 00 00 00 00 00 00 00 12 01 00 00 00 00 00 69
 40 41 6B 10 00 00 00 00 00 00 00 00 00 00 00 00 12 01 00 00 00 00 00 69
 40 41 04 10 00 00 00 00 00 00 00 00 00 00 00 00 13 01 00 00 00 00 00 07
 40 41 04 10 00 00 00 00 00 00 00 00 00 00 00 00 13 01 00 00 00 00 00 07
 40 41 A4 0F 00 00 00 00 00 00 00 00 00 00 00 00 14 01 00 00 00 00 00 BF
 40 41 A4 0F 00 00 00 00 00 00 00 00 00 00 00 00 14 01 00 00 00 00 00 BF
 40 41 4B 0F 00 00 00 00 00 00 00 00 00 00 00 00 15 01 00 00 00 00 00 51
 40 41 4B 0F 00 00 00 00 00 00 00 00 00 00 00 00 15 01 00 00 00 00 00 51
 40 41 F7 0E 00 00 00 00 00 00 00 00 00 00 00 00 16 01 00 00 00 00 00 EF
 40 41 F7 0E 00 00 00 00 00 00 00 00 00 00 00 00 16 01 00 00 00 00 00 EF
 40 41 A9 0E 00 00 00 00 00 00 00 00 00 00 00 00 17 01 00 00 00 00 00 B0
 40 41 A9 0E 00 00 00 00 00 00 00 00 00 00 00 00 17 01 00 00 00 00 00 B0
 40 41 5F 0E 00 00 00 00 00 00 00 00 00 00 00 00 18 01 00 00 00 00 00 49
 40 41 5F 0E 00 00 00 00 00 00 00 00 00 00 00 00 18 01 00 00 00 00 00 49
 40 41 1A 0E 00 00 00 00 00 00 00 00 00 00 00 00 19 01 00 00 00 00 00 0D
 40 41 1A 0E 00 00 00 00 00 00 00 00 00 00 00 00 19 01 00 00 00 00 00 0D
 40 41 D8 0D 00 00 00 00 00 00 00 00 00 00 00 00 1A 01 00 00 00 00 00 CF
 40 41 D8 0D 00 00 00 00 00 00 00 00 00 00 00 00 1A 01 00 00 00 00 00 CF
 40 41 9A 0D 00 00 00 00 00 00 00 00 00 00 00 00 1B 01 00 00 00 00 00 8C
 40 41 9A 0D 00 00 00 00 00 00 00 00 00 00 00 00 1B 01 00 00 00 00 00 8C
 40 41 5F 0D 00 00 00 00 00 00 00 00 00 00 00 00 1C 01 00 00 00 00 00 4E
 40 41 5F 0D 00 00 00 00 00 00 00 00 00 00 00 00 1C 01 00 00 00 00 00 4E
 40 41 27 0D 00 00 00 00 00 00 00 00 00 00 00 00 1D 01 00 00 00 00 00 37
 40 41 27 0D 00 00 00 00 00 00 00 00 00 00 00 00 1D 01 00 00 00 00 00 37
 40 41 F1 0C 00 00 00 00 00 00 00 00 00 00 00 00 1E 01 00 00 00 00 00 E3
 40 41 F1 0C 00 00 00 00 00 00 00 00 00 00 00 00 1E 01 00 00 00 00 00 E3
 40 41 BE 0C 00 00 00 00 00 00 00 00 00 00 00 00 1F 01 00 00 00 00 00 AD
 40 41 BE 0C 00 00 00 00 00 00 00 00 00 00 00 00 1F 01 00 00 00 00 00 AD
 40 41 8E 0C 00 00 00 00 00 00 00 00 00 00 00 00 20 01 00 00 00 00 00 A2
 40 41 8E 0C 00 00 00 00 00 00 00 00 00 00 00 00 20 01 00 00 00 00 00 A2
 40 41 5F 0C 00 00 00 00 00 00 00 00 00 00 00 00 21 01 00 00 00 00 00 72
 40 41 5F 0C 00 00 00 00 00 00 00 00 00 00 00 00 21 01 00 00 00 00 00 72
 40 41 33 0C 00 00 00 00 00 00 00 00 00 00 00 00 22 01 00 00 00 00 00 1D
 40 41 33 0C 00 00 00 00 00 00 00 00 00 00 00 00 22 01 00 00 00 00 00 1D
 40 41 08 0C 00 00 00 00 00 00 00 00 00 00 00 00 23 01 00 00 00 00 00 27
 40 41 08 0C 00 00 00 00 00 00 00 00 00 00 00 00 23 01 00 00 00 00 00 27
 40 41 DF 0B 00 00 00 00 00 00 00 00 00 00 00 00 24 01 00 00 00 00 00 F0
 40 41 DF 0B 00 00 00 00 00 00 00 00 00 00 00 00 24 01 00 00 00 00 00 F0
 40 41 B8 0B 00 00 00 00 00 00 00 00 00 00 00 00 25 01 00 00 00 00 00 96
 40 41 B8 0B 00 00 00 00 00 00 00 00 00 00 00 00 25 01 00 00 00 00 00 96
 40 41 92 0B 00 00 00 00 00 00 00 00 00 00 00 00 26 01 00 00 00 00 00 BF
 40 41 92 0B 00 00 00 00 00 00 00 00 00 00 00 00 26 01 00 00 00 00 00 BF
 40 41 6D 0B 00 00 00 00 00 00 00 00 00 00 00 00 27 01 00 00 00 00 00 41
 40 41 6D 0B 00 00 00 00 00 00 00 00 00 00 00 00 27 01 00 00 00 00 00 41
 40 41 4A 0B 00 00 00 00 00 00 00 00 00 00 00 00 28 01 00 00 00 00 00 69
 40 41 4A 0B 00 00 00 00 00 00 00 00 00 00 00 00 28 01 00 00 00 00 00 69
 40 41 28 0B 00 00 00 00 00 00 00 00 00 00 00 00 29 01 00 00 00 00 00 0A
 40 41 28 0B 00 00 00 00 00 00 00 00 00 00 00 00 29 01 00 00 00 00 00 0A
 40 41 07 0B 00 00 00 00 00 00 00 00 00 00 00 00 2A 01 00 00 00 00 00 26
 40 41 07 0B 00 00 00 00 00 00 00 00 00 00 00 00 2A 01 00 00 00 00 00 26
 40 41 E8 0A 00 00 00 00 00 00 00 00 00 00 00 00 2B 01 00 00 00 00 00 C9
 40 41 E8 0A 00 00 00 00 00 00 00 00 00 00 00 00 2B 01 00 00 00 00 00 C9
 40 41 C9 0A 00 00 00 00 00 00 00 00 00 00 00 00 2C 01 00 00 00 00 00 EF
 40 41 C9 0A 00 00 00 00 00 00 00 00 00 00 00 00 2C 01 00 00 00 00 00 EF
 40 41 AB 0A 00 00 00 00 00 00 00 00 00 00 00 00 2D 01 00 00 00 00 00 8C
 40 41 AB 0A 00 00 00 00 00 00 00 00 00 00 00 00 2D 01 00 00 00 00 00 8C
 40 41 8F 0A 00 00 00 00 00 00 00 00 00 00 00 00 2E 01 00 00 00 00 00 AB
 40 41 8F 0A 00 00 00 00 00 00 00 00 00 00 00 00 2E 01 00 00 00 00 00 AB
 40 41 73 0A 00 00 00 00 00 00 00 00 00 00 00 00 2F 01 00 00 00 00 00 56
 40 41 73 0A 00 00 00 00 00 00 00 00 00 00 00 00 2F 01 00 00 00 00 00 56
 40 41 58 0A 00 00 00 00 00 00 00 00 00 00 00 00 30 01 00 00 00 00 00 62
 40 41 58 0A 00 00 00 00 00 00 00 00 00 00 00 00 30 01 00 00 00 00 00 62
 40 41 3E 0A 00 00 00 00 00 00 00 00 00 00 00 00 31 01 00 00 00 00 00 05
 40 41 3E 0A 00 00 00 00 00 00 00 00 00 00 00 00 31 01 00 00 00 00 00 05
 40 41 24 0A 00 00 00 00 00 00 00 00 00 00 00 00 32 01 00 00 00 00 00 1C
 40 41 24 0A 00 00 00 00 00 00 00 00 00 00 00 00 32 01 00 00 00 00 00 1C
 40 41 0C 0A 00 00 00 00 00 00 00 00 00 00 00 00 33 01 00 00 00 00 00 35
 40 41 0C 0A 00 00 00 00 00 00 00 00 00 00 00 00 33 01 00 00 00 00 00 35
 40 41 F4 09 00 00 00 00 00 00 00 00 00 00 00 00 34 01 00 00 00 00 00 C9
 40 41 F4 09 00 00 00 00 00 00 00 00 00 00 00 00 34 01 00 00 00 00 00 C9
 40 41 DD 09 00 00 00 00 00 00 00 00 00 00 00 00 35 01 00 00 00 00 00 E1
 40 41 DD 09 00 00 00 00 00 00 00 00 00 00 00 00 35 01 00 00 00 00 00 E1
 40 41 C6 09 00 00 00 00 00 00 00 00 00 00 00 00 36 01 00 00 00 00 00 F9
 40 41 C6 09 00 00 00 00 00 00 00 00 00 00 00 00 36 01 00 00 00 00 00 F9
 40 41 B0 09 00 00 00 00 00 00 00 00 00 00 00 00 37 01 00 00 00 00 00 8E
 40 41 B0 09 00 00 00 00 00 00 00 00 00 00 00 00 37 01 00 00 00 00 00 8E
 40 41 9A 09 00 00 00 00 00 00 00 00 00 00 00 00 38 01 00 00 00 00 00 AB
 40 41 9A 09 00 00 00 00 00 00 00 00 00 00 00 00 38 01 00 00 00 00 00 AB
 40 41 85 09 00 00 00 00 00 00 00 00 00 00 00 00 39 01 00 00 00 00 00 B5
 40 41 85 09 00 00 00 00 00 00 00 00 00 00 00 00 39 01 00 00 00 00 00 B5
 40 41 71 09 00 00 00 00 00 00 00 00 00 00 00 00 3A 01 00 00 00 00 00 42
 40 41 71 09 00 00 00 00 00 00 00 00 00 00 00 00 3A 01 00 00 00 00 00 42
 40 41 5D 09 00 00 00 00 00 00 00 00 00 00 00 00 3B 01 00 00 00 00 00 6F
 40 41 5D 09 00 00 00 00 00 00 00 00 00 00 00 00 3B 01 00 00 00 00 00 6F
 40 41 4A 09 00 00 00 00 00 00 00 00 00 00 00 00 3C 01 00 00 00 00 00 7F
 40 41 4A 09 00 00 00 00 00 00 00 00 00 00 00 00 3C 01 00 00 00 00 00 7F
 40 41 37 09 00 00 00 00 00 00 00 00 00 00 00 00 3D 01 00 00 00 00 00 03
 40 41 37 09 00 00 00 00 00 00 00 00 00 00 00 00 3D 01 00 00 00 00 00 03
 40 41 24 09 00 00 00 00 00 00 00 00 00 00 00 00 3E 01 00 00 00 00 00 13
 40 41 24 09 00 00 00 00 00 00 00 00 00 00 00 00 3E 01 00 00 00 00 00 13
 40 41 12 09 00 00 00 00 00 00 00 00 00 00 00 00 3F 01 00 00 00 00 00 24
 40 41 12 09 00 00 00 00 00 00 00 00 00 00 00 00 3F 01 00 00 00 00 00 24
 40 41 00 09 00 00 00 00 00 00 00 00 00 00 00 00 40 01 00 00 00 00 00 49
 40 41 00 09 00 00 00 00 00 00 00 00 00 00 00 00 40 01 00 00 00 00 00 49
 40 41 EF 08 00 00 00 00 00 00 00 00 00 00 00 00 41 01 00 00 00 00 00 A6
 40 41 EF 08 00 00 00 00 00 00 00 00 00 00 00 00 41 01 00 00 00 00 00 A6
 40 41 DE 08 00 00 00 00 00 00 00 00 00 00 00 00 42 01 00 00 00 00 00 94
 40 41 DE 08 00 00 00 00 00 00 00 00 00 00 00 00 42 01 00 00 00 00 00 94
 40 41 CE 08 00 00 00 00 00 00 00 00 00 00 00 00 43 01 00 00 00 00 00 85
 40 41 CE 08 00 00 00 00 00 00 00 00 00 00 00 00 43 01 00 00 00 00 00 85
 40 41 BE 08 00 00 00 00 00 00 00 00 00 00 00 00 44 01 00 00 00 00 00 F2
 40 41 BE 08 00 00 00 00 00 00 00 00 00 00 00 00 44 01 00 00 00 00 00 F2
 40 41 AE 08 00 00 00 00 00 00 00 00 00 00 00 00 45 01 00 00 00 00 00 E3
 40 41 AE 08 00 00 00 00 00 00 00 00 00 00 00 00 45 01 00 00 00 00 00 E3
 40 41 9E 08 00 00 00 00 00 00 00 00 00 00 00 00 46 01 00 00 00 00 00 D0
 40 41 9E 08 00 00 00 00 00 00 00 00 00 00 00 00 46 01 00 00 00 00 00 D0
 40 41 8F 08 00 00 00 00 00 00 00 00 00 00 00 00 47 01 00 00 00 00 00 C0
 40 41 8F 08 00 00 00 00 00 00 00 00 00 00 00 00 47 01 00 00 00 00 00 C0
 40 41 80 08 00 00 00 00 00 00 00 00 00 00 00 00 48 01 00 00 00 00 00 C0
 40 41 80 08 00 00 00 00 00 00 00 00 00 00 00 00 48 01 00 00 00 00 00 C0
 40 41 72 08 00 00 00 00 00 00 00 00 00 00 00 00 49 01 00 00 00 00 00 33
 40 41 72 08 00 00 00 00 00 00 00 00 00 00 00 00 49 01 00 00 00 00 00 33
 40 41 63 08 00 00 00 00 00 00 00 00 00 00 00 00 4A 01 00 00 00 00 00 21
 40 41 63 08 00 00 00 00 00 00 00 00 00 00 00 00 4A 01 00 00 00 00 00 21
 40 41 55 08 00 00 00 00 00 00 00 00 00 00 00 00 4B 01 00 00 00 00 00 16
 40 41 55 08 00 00 00 00 00 00 00 00 00 00 00 00 4B 01 00 00 00 00 00 16
 40 41 48 08 00 00 00 00 00 00 00 00 00 00 00 00 4C 01 00 00 00 00 00 0C
 40 41 48 08 00 00 00 00 00 00 00 00 00 00 00 00 4C 01 00 00 00 00 00 0C
 40 41 3A 08 00 00 00 00 00 00 00 00 00 00 00 00 4D 01 00 00 00 00 00 7F
 40 41 3A 08 00 00 00 00 00 00 00 00 00 00 00 00 4D 01 00 00 00 00 00 7F
 40 41 2D 08 00 00 00 00 00 00 00 00 00 00 00 00 4E 01 00 00 00 00 00 6B
 40 41 2D 08 00 00 00 00 00 00 00 00 00 00 00 00 4E 01 00 00 00 00 00 6B
 40 41 20 08 00 00 00 00 00 00 00 00 00 00 00 00 4F 01 00 00 00 00 00 67
 40 41 20 08 00 00 00 00 00 00 00 00 00 00 00 00 4F 01 00 00 00 00 00 67
 40 41 13 08 00 00 00 00 00 00 00 00 00 00 00 00 50 01 00 00 00 00 00 4B
 40 41 13 08 00 00 00 00 00 00 00 00 00 00 00 00 50 01 00 00 00 00 00 4B
 40 41 07 08 00 00 00 00 00 00 00 00 00 00 00 00 51 01 00 00 00 00 00 5E
 40 41 07 08 00 00 00 00 00 00 00 00 00 00 00 00 51 01 00 00 00 00 00 5E
 40 41 FB 07 00 00 00 00 00 00 00 00 00 00 00 00 52 01 00 00 00 00 00 AE
 40 41 FB 07 00 00 00 00 00 00 00 00 00 00 00 00 52 01 00 00 00 00 00 AE
 40 41 EE 07 00 00 00 00 00 00 00 00 00 00 00 00 53 01 00 00 00 00 00 BA
 40 41 EE 07 00 00 00 00 00 00 00 00 00 00 00 00 53 01 00 00 00 00 00 BA
 40 41 E3 07 00 00 00 00 00 00 00 00 00 00 00 00 54 01 00 00 00 00 00 B0
 40 41 E3 07 00 00 00 00 00 00 00 00 00 00 00 00 54 01 00 00 00 00 00 B0
 40 41 D7 07 00 00 00 00 00 00 00 00 00 00 00 00 55 01 00 00 00 00 00 85
 40 41 D7 07 00 00 00 00 00 00 00 00 00 00 00 00 55 01 00 00 00 00 00 85
 40 41 CC 07 00 00 00 00 00 00 00 00 00 00 00 00 56 01 00 00 00 00 00 9D
 40 41 CC 07 00 00 00 00 00 00 00 00 00 00 00 00 56 01 00 00 00 00 00 9D
 40 41 C0 07 00 00 00 00 00 00 00 00 00 00 00 00 57 01 00 00 00 00 00 90
 40 41 C0 07 00 00 00 00 00 00 00 00 00 00 00 00 57 01 00 00 00 00 00 90
 40 41 B5 07 00 00 00 00 00 00 00 00 00 00 00 00 58 01 00 00 00 00 00 EA
 40 41 B5 07 00 00 00 00 00 00 00 00 00 00 00 00 58 01 00 00 00 00 00 EA
 40 41 AA 07 00 00 00 00 00 00 00 00 00 00 00 00 59 01 00 00 00 00 00 F4
 40 41 AA 07 00 00 00 00 00 00 00 00 00 00 00 00 59 01 00 00 00 00 00 F4
 40 41 A0 07 00 00 00 00 00 00 00 00 00 00 00 00 5A 01 00 00 00 00 00 FD
 40 41 A0 07 00 00 00 00 00 00 00 00 00 00 00 00 5A 01 00 00 00 00 00 FD
 40 41 95 07 00 00 00 00 00 00 00 00 00 00 00 00 5B 01 00 00 00 00 00 C9
 40 41 95 07 00 00 00 00 00 00 00 00 00 00 00 00 5B 01 00 00 00 00 00 C9
 40 41 8B 07 00 00 00 00 00 00 00 00 00 00 00 00 5C 01 00 00 00 00 00 D0
 40 41 8B 07 00 00 00 00 00 00 00 00 00 00 00 00 5C 01 00 00 00 00 00 D0
 40 41 81 07 00 00 00 00 00 00 00 00 00 00 00 00 5D 01 00 00 00 00 00 DB
 40 41 81 07 00 00 00 00 00 00 00 00 00 00 00 00 5D 01 00 00 00 00 00 DB
 40 41 77 07 00 00 00 00 00 00 00 00 00 00 00 00 5E 01 00 00 00 00 00 2E
 40 41 77 07 00 00 00 00 00 00 00 00 00 00 00 00 5E 01 00 00 00 00 00 2E
 40 41 6D 07 00 00 00 00 00 00 00 00 00 00 00 00 5F 01 00 00 00 00 00 35
 40 41 6D 07 00 00 00 00 00 00 00 00 00 00 00 00 5F 01 00 00 00 00 00 35
 40 41 63 07 00 00 00 00 00 00 00 00 00 00 00 00 60 01 00 00 00 00 00 04
 40 41 63 07 00 00 00 00 00 00 00 00 00 00 00 00 60 01 00 00 00 00 00 04
 40 41 5A 07 00 00 00 00 00 00 00 00 00 00 00 00 61 01 00 00 00 00 00 3C
 40 41 5A 07 00 00 00 00 00 00 00 00 00 00 00 00 61 01 00 00 00 00 00 3C
 40 41 50 07 00 00 00 00 00 00 00 00 00 00 00 00 62 01 00 00 00 00 00 35
 40 41 50 07 00 00 00 00 00 00 00 00 00 00 00 00 62 01 00 00 00 00 00 35
 40 41 47 07 00 00 00 00 00 00 00 00 00 00 00 00 63 01 00 00 00 00 00 23
 40 41 47 07 00 00 00 00 00 00 00 00 00 00 00 00 63 01 00 00 00 00 00 23
 40 41 3E 07 00 00 00 00 00 00 00 00 00 00 00 00 64 01 00 00 00 00 00 5D
 40 41 3E 07 00 00 00 00 00 00 00 00 00 00 00 00 64 01 00 00 00 00 00 5D
 40 41 35 07 00 00 00 00 00 00 00 00 00 00 00 00 65 01 00 00 00 00 00 57
 40 41 35 07 00 00 00 00 00 00 00 00 00 00 00 00 65 01 00 00 00 00 00 57
 40 41 2C 07 00 00 00 00 00 00 00 00 00 00 00 00 66 01 00 00 00 00 00 4D
 40 41 2C 07 00 00 00 00 00 00 00 00 00 00 00 00 66 01 00 00 00 00 00 4D
 40 41 23 07 00 00 00 00 00 00 00 00 00 00 00 00 67 01 00 00 00 00 00 43
 40 41 23 07 00 00 00 00 00 00 00 00 00 00 00 00 67 01 00 00 00 00 00 43
 40 41 1A 07 00 00 00 00 00 00 00 00 00 00 00 00 68 01 00 00 00 00 00 75
 40 41 1A 07 00 00 00 00 00 00 00 00 00 00 00 00 68 01 00 00 00 00 00 75
 40 41 12 07 00 00 00 00 00 00 00 00 00 00 00 00 69 01 00 00 00 00 00 7C
 40 41 12 07 00 00 00 00 00 00 00 00 00 00 00 00 69 01 00 00 00 00 00 7C
 40 41 09 07 00 00 00 00 00 00 00 00 00 00 00 00 6A 01 00 00 00 00 00 64
 40 41 09 07 00 00 00 00 00 00 00 00 00 00 00 00 6A 01 00 00 00 00 00 64
 40 41 01 07 00 00 00 00 00 00 00 00 00 00 00 00 6B 01 00 00 00 00 00 6D
 40 41 01 07 00 00 00 00 00 00 00 00 00 00 00 00 6B 01 00 00 00 00 00 6D
 40 41 F9 06 00 00 00 00 00 00 00 00 00 00 00 00 6C 01 00 00 00 00 00 93
 40 41 F9 06 00 00 00 00 00 00 00 00 00 00 00 00 6C 01 00 00 00 00 00 93
 40 41 F1 06 00 00 00 00 00 00 00 00 00 00 00 00 6D 01 00 00 00 00 00 9A
 40 41 F1 06 00 00 00 00 00 00 00 00 00 00 00 00 6D 01 00 00 00 00 00 9A
 40 41 E9 06 00 00 00 00 00 00 00 00 00 00 00 00 6E 01 00 00 00 00 00 81
 40 41 E9 06 00 00 00 00 00 00 00 00 00 00 00 00 6E 01 00 00 00 00 00 81
 40 41 E1 06 00 00 00 00 00 00 00 00 00 00 00 00 6F 01 00 00 00 00 00 88
 40 41 E1 06 00 00 00 00 00 00 00 00 00 00 00 00 6F 01 00 00 00 00 00 88
 40 41 D9 06 00 00 00 00 00 00 00 00 00 00 00 00 70 01 00 00 00 00 00 AF
 40 41 D9 06 00 00 00 00 00 00 00 00 00 00 00 00 70 01 00 00 00 00 00 AF
 40 41 D2 06 00 00 00 00 00 00 00 00 00 00 00 00 71 01 00 00 00 00 00 A5
 40 41 D2 06 00 00 00 00 00 00 00 00 00 00 00 00 71 01 00 00 00 00 00 A5
 40 41 CA 06 00 00 00 00 00 00 00 00 00 00 00 00 72 01 00 00 00 00 00 BE
 40 41 CA 06 00 00 00 00 00 00 00 00 00 00 00 00 72 01 00 00 00 00 00 BE
 40 41 C3 06 00 00 00 00 00 00 00 00 00 00 00 00 73 01 00 00 00 00 00 B6
 40 41 C3 06 00 00 00 00 00 00 00 00 00 00 00 00 73 01 00 00 00 00 00 B6
 40 41 BB 06 00 00 00 00 00 00 00 00 00 00 00 00 74 01 00 00 00 00 00 C9
 40 41 BB 06 00 00 00 00 00 00 00 00 00 00 00 00 74 01 00 00 00 00 00 C9
 40 41 B4 06 00 00 00 00 00 00 00 00 00 00 00 00 75 01 00 00 00 00 00 C7
 40 41 B4 06 00 00 00 00 00 00 00 00 00 00 00 00 75 01 00 00 00 00 00 C7
 40 41 AD 06 00 00 00 00 00 00 00 00 00 00 00 00 76 01 00 00 00 00 00 DD
 40 41 AD 06 00 00 00 00 00 00 00 00 00 00 00 00 76 01 00 00 00 00 00 DD
 40 41 A6 06 00 00 00 00 00 00 00 00 00 00 00 00 77 01 00 00 00 00 00 D7
 40 41 A6 06 00 00 00 00 00 00 00 00 00 00 00 00 77 01 00 00 00 00 00 D7
 40 41 9F 06 00 00 00 00 00 00 00 00 00 00 00 00 78 01 00 00 00 00 00 E1
 40 41 9F 06 00 00 00 00 00 00 00 00 00 00 00 00 78 01 00 00 00 00 00 E1
 40 41 98 06 00 00 00 00 00 00 00 00 00 00 00 00 79 01 00 00 00 00 00 E7
 40 41 98 06 00 00 00 00 00 00 00 00 00 00 00 00 79 01 00 00 00 00 00 E7
 40 41 91 06 00 00 00 00 00 00 00 00 00 00 00 00 7A 01 00 00 00 00 00 ED
 40 41 91 06 00 00 00 00 00 00 00 00 00 00 00 00 7A 01 00 00 00 00 00 ED
 40 41 8B 06 00 00 00 00 00 00 00 00 00 00 00 00 7B 01 00 00 00 00 00 F6
 40 41 8B 06 00 00 00 00 00 00 00 00 00 00 00 00 7B 01 00 00 00 00 00 F6
 40 41 84 06 00 00 00 00 00 00 00 00 00 00 00 00 7C 01 00 00 00 00 00 FE
 40 41 84 06 00 00 00 00 00 00 00 00 00 00 00 00 7C 01 00 00 00 00 00 FE
 40 41 7D 06 00 00 00 00 00 00 00 00 00 00 00 00 7D 01 00 00 00 00 00 06
 40 41 7D 06 00 00 00 00 00 00 00 00 00 00 00 00 7D 01 00 00 00 00 00 06
 40 41 77 06 00 00 00 00 00 00 00 00 00 00 00 00 7E 01 00 00 00 00 00 0F
 40 41 77 06 00 00 00 00 00 00 00 00 00 00 00 00 7E 01 00 00 00 00 00 0F
 40 41 70 06 00 00 00 00 00 00 00 00 00 00 00 00 7F 01 00 00 00 00 00 09
 40 41 70 06 00 00 00 00 00 00 00 00 00 00 00 00 7F 01 00 00 00 00 00 09
 40 41 6A 06 00 00 00 00 00 00 00 00 00 00 00 00 80 01 00 00 00 00 00 EC
 40 41 6A 06 00 00 00 00 00 00 00 00 00 00 00 00 80 01 00 00 00 00 00 EC
 40 41 64 06 00 00 00 00 00 00 00 00 00 00 00 00 81 01 00 00 00 00 00 E3
 40 41 64 06 00 00 00 00 00 00 00 00 00 00 00 00 81 01 00 00 00 00 00 E3
 40 41 5E 06 00 00 00 00 00 00 00 00 00 00 00 00 82 01 00 00 00 00 00 DA
 40 41 5E 06 00 00 00 00 00 00 00 00 00 00 00 00 82 01 00 00 00 00 00 DA
 40 41 57 06 00 00 00 00 00 00 00 00 00 00 00 00 83 01 00 00 00 00 00 D2
 40 41 57 06 00 00 00 00 00 00 00 00 00 00 00 00 83 01 00 00 00 00 00 D2
 40 41 51 06 00 00 00 00 00 00 00 00 00 00 00 00 84 01 00 00 00 00 00 D3
 40 41 51 06 00 00 00 00 00 00 00 00 00 00 00 00 84 01 00 00 00 00 00 D3
 40 41 4B 06 00 00 00 00 00 00 00 00 00 00 00 00 85 01 00 00 00 00 00 C8
 40 41 4B 06 00 00 00 00 00 00 00 00 00 00 00 00 85 01 00 00 00 00 00 C8
 40 41 46 06 00 00 00 00 00 00 00 00 00 00 00 00 86 01 00 00 00 00 00 C6
 40 41 46 06 00 00 00 00 00 00 00 00 00 00 00 00 86 01 00 00 00 00 00 C6
 40 41 40 06 00 00 00 00 00 00 00 00 00 00 00 00 87 01 00 00 00 00 00 C1
 40 41 40 06 00 00 00 00 00 00 00 00 00 00 00 00 87 01 00 00 00 00 00 C1
 40 41 3A 06 00 00 00 00 00 00 00 00 00 00 00 00 88 01 00 00 00 00 00 B4
 40 41 3A 06 00 00 00 00 00 00 00 00 00 00 00 00 88 01 00 00 00 00 00 B4
 40 41 34 06 00 00 00 00 00 00 00 00 00 00 00 00 89 01 00 00 00 00 00 BB
 40 41 34 06 00 00 00 00 00 00 00 00 00 00 00 00 89 01 00 00 00 00 00 BB
 40 41 2E 06 00 00 00 00 00 00 00 00 00 00 00 00 8A 01 00 00 00 00 00 A2
 40 41 2E 06 00 00 00 00 00 00 00 00 00 00 00 00 8A 01 00 00 00 00 00 A2
 40 41 29 06 00 00 00 00 00 00 00 00 00 00 00 00 8B 01 00 00 00 00 00 A4
 40 41 29 06 00 00 00 00 00 00 00 00 00 00 00 00 8B 01 00 00 00 00 00 A4
 40 41 23 06 00 00 00 00 00 00 00 00 00 00 00 00 8C 01 00 00 00 00 00 A9
 40 41 23 06 00 00 00 00 00 00 00 00 00 00 00 00 8C 01 00 00 00 00 00 A9
 40 41 1E 06 00 00 00 00 00 00 00 00 00 00 00 00 8D 01 00 00 00 00 00 95
 40 41 1E 06 00 00 00 00 00 00 00 00 00 00 00 00 8D 01 00 00 00 00 00 95
 40 41 18 06 00 00 00 00 00 00 00 00 00 00 00 00 8E 01 00 00 00 00 00 90
 40 41 18 06 00 00 00 00 00 00 00 00 00 00 00 00 8E 01 00 00 00 00 00 90
 40 41 13 06 00 00 00 00 00 00 00 00 00 00 00 00 8F 01 00 00 00 00 00 9A
 40 41 13 06 00 00 00 00 00 00 00 00 00 00 00 00 8F 01 00 00 00 00 00 9A
 40 41 0E 06 00 00 00 00 00 00 00 00 00 00 00 00 90 01 00 00 00 00 00 98
 40 41 0E 06 00 00 00 00 00 00 00 00 00 00 00 00 90 01 00 00 00 00 00 98
 40 41 08 06 00 00 00 00 00 00 00 00 00 00 00 00 91 01 00 00 00 00 00 9F
 40 41 08 06 00 00 00 00 00 00 00 00 00 00 00 00 91 01 00 00 00 00 00 9F
 40 41 03 06 00 00 00 00 00 00 00 00 00 00 00 00 92 01 00 00 00 00 00 97
 40 41 03 06 00 00 00 00 00 00 00 00 00 00 00 00 92 01 00 00 00 00 00 97
 40 41 FE 05 00 00 00 00 00 00 00 00 00 00 00 00 93 01 00 00 00 00 00 68
 40 41 FE 05 00 00 00 00 00 00 00 00 00 00 00 00 93 01 00 00 00 00 00 68
 40 41 F9 05 00 00 00 00 00 00 00 00 00 00 00 00 94 01 00 00 00 00 00 68
 40 41 F9 05 00 00 00 00 00 00 00 00 00 00 00 00 94 01 00 00 00 00 00 68
 40 41 F4 05 00 00 00 00 00 00 00 00 00 00 00 00 95 01 00 00 00 00 00 64
 40 41 F4 05 00 00 00 00 00 00 00 00 00 00 00 00 95 01 00 00 00 00 00 64
 40 41 EF 05 00 00 00 00 00 00 00 00 00 00 00 00 96 01 00 00 00 00 00 7C
 40 41 EF 05 00 00 00 00 00 00 00 00 00 00 00 00 96 01 00 00 00 00 00 7C
 40 41 EA 05 00 00 00 00 00 00 00 00 00 00 00 00 97 01 00 00 00 00 00 78
 40 41 EA 05 00 00 00 00 00 00 00 00 00 00 00 00 97 01 00 00 00 00 00 78
 40 41 E5 05 00 00 00 00 00 00 00 00 00 00 00 00 98 01 00 00 00 00 00 78
 40 41 E5 05 00 00 00 00 00 00 00 00 00 00 00 00 98 01 00 00 00 00 00 78
 40 41 E0 05 00 00 00 00 00 00 00 00 00 00 00 00 99 01 00 00 00 00 00 7C
 40 41 E0 05 00 00 00 00 00 00 00 00 00 00 00 00 99 01 00 00 00 00 00 7C
 40 41 DB 05 00 00 00 00 00 00 00 00 00 00 00 00 9A 01 00 00 00 00 00 44
 40 41 DB 05 00 00 00 00 00 00 00 00 00 00 00 00 9A 01 00 00 00 00 00 44
 40 41 D6 05 00 00 00 00 00 00 00 00 00 00 00 00 9B 01 00 00 00 00 00 48
 40 41 D6 05 00 00 00 00 00 00 00 00 00 00 00 00 9B 01 00 00 00 00 00 48
 40 41 D2 05 00 00 00 00 00 00 00 00 00 00 00 00 9C 01 00 00 00 00 00 4B
 40 41 D2 05 00 00 00 00 00 00 00 00 00 00 00 00 9C 01 00 00 00 00 00 4B
 40 41 CD 05 00 00 00 00 00 00 00 00 00 00 00 00 9D 01 00 00 00 00 00 55
 40 41 CD 05 00 00 00 00 00 00 00 00 00 00 00 00 9D 01 00 00 00 00 00 55
 40 41 C8 05 00 00 00 00 00 00 00 00 00 00 00 00 9E 01 00 00 00 00 00 53
 40 41 C8 05 00 00 00 00 00 00 00 00 00 00 00 00 9E 01 00 00 00 00 00 53
 40 41 C4 05 00 00 00 00 00 00 00 00 00 00 00 00 9F 01 00 00 00 00 00 5E
 40 41 C4 05 00 00 00 00 00 00 00 00 00 00 00 00 9F 01 00 00 00 00 00 5E
 40 41 BF 05 00 00 00 00 00 00 00 00 00 00 00 00 A0 01 00 00 00 00 00 1A
 40 41 BF 05 00 00 00 00 00 00 00 00 00 00 00 00 A0 01 00 00 00 00 00 1A
 40 41 BB 05 00 00 00 00 00 00 00 00 00 00 00 00 A1 01 00 00 00 00 00 1F
 40 41 BB 05 00 00 00 00 00 00 00 00 00 00 00 00 A1 01 00 00 00 00 00 1F
 40 41 B6 05 00 00 00 00 00 00 00 00 00 00 00 00 A2 01 00 00 00 00 00 11
 40 41 B6 05 00 00 00 00 00 00 00 00 00 00 00 00 A2 01 00 00 00 00 00 11
 40 41 B2 05 00 00 00 00 00 00 00 00 00 00 00 00 A3 01 00 00 00 00 00 14
 40 41 B2 05 00 00 00 00 00 00 00 00 00 00 00 00 A3 01 00 00 00 00 00 14
 40 41 AD 05 00 00 00 00 00 00 00 00 00 00 00 00 A4 01 00 00 00 00 00 0C
 40 41 AD 05 00 00 00 00 00 00 00 00 00 00 00 00 A4 01 00 00 00 00 00 0C
 40 41 A9 05 00 00 00 00 00 00 00 00 00 00 00 00 A5 01 00 00 00 00 00 09
 40 41 A9 05 00 00 00 00 00 00 00 00 00 00 00 00 A5 01 00 00 00 00 00 09
 40 41 A5 05 00 00 00 00 00 00 00 00 00 00 00 00 A6 01 00 00 00 00 00 06
 40 41 A5 05 00 00 00 00 00 00 00 00 00 00 00 00 A6 01 00 00 00 00 00 06
 40 41 A0 05 00 00 00 00 00 00 00 00 00 00 00 00 A7 01 00 00 00 00 00 02
 40 41 A0 05 00 00 00 00 00 00 00 00 00 00 00 00 A7 01 00 00 00 00 00 02
 40 41 9C 05 00 00 00 00 00 00 00 00 00 00 00 00 A8 01 00 00 00 00 00 31
 40 41 9C 05 00 00 00 00 00 00 00 00 00 00 00 00 A8 01 00 00 00 00 00 31
 40 41 98 05 00 00 00 00 00 00 00 00 00 00 00 00 A9 01 00 00 00 00 00 34
 40 41 98 05 00 00 00 00 00 00 00 00 00 00 00 00 A9 01 00 00 00 00 00 34
 40 41 94 05 00 00 00 00 00 00 00 00 00 00 00 00 AA 01 00 00 00 00 00 3B
 40 41 94 05 00 00 00 00 00 00 00 00 00 00 00 00 AA 01 00 00 00 00 00 3B
 40 41 90 05 00 00 00 00 00 00 00 00 00 00 00 00 AB 01 00 00 00 00 00 3E
 40 41 90 05 00 00 00 00 00 00 00 00 00 00 00 00 AB 01 00 00 00 00 00 3E
 40 41 8C 05 00 00 00 00 00 00 00 00 00 00 00 00 AC 01 00 00 00 00 00 25
 40 41 8C 05 00 00 00 00 00 00 00 00 00 00 00 00 AC 01 00 00 00 00 00 25
 40 41 88 05 00 00 00 00 00 00 00 00 00 00 00 00 AD 01 00 00 00 00 00 20
 40 41 88 05 00 00 00 00 00 00 00 00 00 00 00 00 AD 01 00 00 00 00 00 20
 40 41 84 05 00 00 00 00 00 00 00 00 00 00 00 00 AE 01 00 00 00 00 00 2F
 40 41 84 05 00 00 00 00 00 00 00 00 00 00 00 00 AE 01 00 00 00 00 00 2F
 40 41 80 05 00 00 00 00 00 00 00 00 00 00 00 00 AF 01 00 00 00 00 00 2A
 40 41 80 05 00 00 00 00 00 00 00 00 00 00 00 00 AF 01 00 00 00 00 00 2A
 40 41 7C 05 00 00 00 00 00 00 00 00 00 00 00 00 B0 01 00 00 00 00 00 C9
 40 41 7C 05 00 00 00 00 00 00 00 00 00 00 00 00 B0 01 00 00 00 00 00 C9
 40 41 78 05 00 00 00 00 00 00 00 00 00 00 00 00 B1 01 00 00 00 00 00 CC
 40 41 78 05 00 00 00 00 00 00 00 00 00 00 00 00 B1 01 00 00 00 00 00 CC
 40 41 74 05 00 00 00 00 00 00 00 00 00 00 00 00 B2 01 00 00 00 00 00 C3
 40 41 74 05 00 00 00 00 00 00 00 00 00 00 00 00 B2 01 00 00 00 00 00 C3
 40 41 70 05 00 00 00 00 00 00 00 00 00 00 00 00 B3 01 00 00 00 00 00 C6
 40 41 70 05 00 00 00 00 00 00 00 00 00 00 00 00 B3 01 00 00 00 00 00 C6
 40 41 6C 05 00 00 00 00 00 00 00 00 00 00 00 00 B4 01 00 00 00 00 00 DD
 40 41 6C 05 00 00 00 00 00 00 00 00 00 00 00 00 B4 01 00 00 00 00 00 DD
 40 41 68 05 00 00 00 00 00 00 00 00 00 00 00 00 B5 01 00 00 00 00 00 D8
 40 41 68 05 00 00 00 00 00 00 00 00 00 00 00 00 B5 01 00 00 00 00 00 D8
 40 41 65 05 00 00 00 00 00 00 00 00 00 00 00 00 B6 01 00 00 00 00 00 D6
 40 41 65 05 00 00 00 00 00 00 00 00 00 00 00 00 B6 01 00 00 00 00 00 D6
 40 41 61 05 00 00 00 00 00 00 00 00 00 00 00 00 B7 01 00 00 00 00 00 D3
 40 41 61 05 00 00 00 00 00 00 00 00 00 00 00 00 B7 01 00 00 00 00 00 D3
 40 41 5D 05 00 00 00 00 00 00 00 00 00 00 00 00 B8 01 00 00 00 00 00 E0
 40 41 5D 05 00 00 00 00 00 00 00 00 00 00 00 00 B8 01 00 00 00 00 00 E0
 40 41 59 05 00 00 00 00 00 00 00 00 00 00 00 00 B9 01 00 00 00 00 00 E5
 40 41 59 05 00 00 00 00 00 00 00 00 00 00 00 00 B9 01 00 00 00 00 00 E5
 40 41 56 05 00 00 00 00 00 00 00 00 00 00 00 00 BA 01 00 00 00 00 00 E9
 40 41 56 05 00 00 00 00 00 00 00 00 00 00 00 00 BA 01 00 00 00 00 00 E9
 40 41 52 05 00 00 00 00 00 00 00 00 00 00 00 00 BB 01 00 00 00 00 00 EC
 40 41 52 05 00 00 00 00 00 00 00 00 00 00 00 00 BB 01 00 00 00 00 00 EC
 40 41 4F 05 00 00 00 00 00 00 00 00 00 00 00 00 BC 01 00 00 00 00 00 F6
 40 41 4F 05 00 00 00 00 00 00 00 00 00 00 00 00 BC 01 00 00 00 00 00 F6
 40 41 4B 05 00 00 00 00 00 00 00 00 00 00 00 00 BD 01 00 00 00 00 00 F3
 40 41 4B 05 00 00 00 00 00 00 00 00 00 00 00 00 BD 01 00 00 00 00 00 F3
 40 41 47 05 00 00 00 00 00 00 00 00 00 00 00 00 BE 01 00 00 00 00 00 FC
 40 41 47 05 00 00 00 00 00 00 00 00 00 00 00 00 BE 01 00 00 00 00 00 FC
 40 41 44 05 00 00 00 00 00 00 00 00 00 00 00 00 BF 01 00 00 00 00 00 FE
 40 41 44 05 00 00 00 00 00 00 00 00 00 00 00 00 BF 01 00 00 00 00 00 FE
 40 41 41 05 00 00 00 00 00 00 00 00 00 00 00 00 C0 01 00 00 00 00 00 84
 40 41 41 05 00 00 00 00 00 00 00 00 00 00 00 00 C0 01 00 00 00 00 00 84
 40 41 3D 05 00 00 00 00 00 00 00 00 00 00 00 00 C1 01 00 00 00 00 00 F9
 40 41 3D 05 00 00 00 00 00 00 00 00 00 00 00 00 C1 01 00 00 00 00 00 F9
 40 41 3A 05 00 00 00 00 00 00 00 00 00 00 00 00 C2 01 00 00 00 00 00 FD
 40 41 3A 05 00 00 00 00 00 00 00 00 00 00 00 00 C2 01 00 00 00 00 00 FD
 40 41 36 05 00 00 00 00 00 00 00 00 00 00 00 00 C3 01 00 00 00 00 00 F0
 40 41 36 05 00 00 00 00 00 00 00 00 00 00 00 00 C3 01 00 00 00 00 00 F0
 40 41 33 05 00 00 00 00 00 00 00 00 00 00 00 00 C4 01 00 00 00 00 00 F2
 40 41 33 05 00 00 00 00 00 00 00 00 00 00 00 00 C4 01 00 00 00 00 00 F2
 40 41 30 05 00 00 00 00 00 00 00 00 00 00 00 00 C5 01 00 00 00 00 00 F0
 40 41 30 05 00 00 00 00 00 00 00 00 00 00 00 00 C5 01 00 00 00 00 00 F0
 40 41 2C 05 00 00 00 00 00 00 00 00 00 00 00 00 C6 01 00 00 00 00 00 EF
 40 41 2C 05 00 00 00 00 00 00 00 00 00 00 00 00 C6 01 00 00 00 00 00 EF
 40 41 29 05 00 00 00 00 00 00 00 00 00 00 00 00 C7 01 00 00 00 00 00 EB
 40 41 29 05 00 00 00 00 00 00 00 00 00 00 00 00 C7 01 00 00 00 00 00 EB
 40 41 26 05 00 00 00 00 00 00 00 00 00 00 00 00 C8 01 00 00 00 00 00 EB
 40 41 26 05 00 00 00 00 00 00 00 00 00 00 00 00 C8 01 00 00 00 00 00 EB
 40 41 22 05 00 00 00 00 00 00 00 00 00 00 00 00 C9 01 00 00 00 00 00 EE
 40 41 22 05 00 00 00 00 00 00 00 00 00 00 00 00 C9 01 00 00 00 00 00 EE
 40 41 1F 05 00 00 00 00 00 00 00 00 00 00 00 00 CA 01 00 00 00 00 00 D0
 40 41 1F 05 00 00 00 00 00 00 00 00 00 00 00 00 CA 01 00 00 00 00 00 D0
 40 41 1C 05 00 00 00 00 00 00 00 00 00 00 00 00 CB 01 00 00 00 00 00 D2
 40 41 1C 05 00 00 00 00 00 00 00 00 00 00 00 00 CB 01 00 00 00 00 00 D2
 40 41 19 05 00 00 00 00 00 00 00 00 00 00 00 00 CC 01 00 00 00 00 00 D0
 40 41 19 05 00 00 00 00 00 00 00 00 00 00 00 00 CC 01 00 00 00 00 00 D0
 40 41 16 05 00 00 00 00 00 00 00 00 00 00 00 00 CD 01 00 00 00 00 00 DE
 40 41 16 05 00 00 00 00 00 00 00 00 00 00 00 00 CD 01 00 00 00 00 00 DE
 40 41 13 05 00 00 00 00 00 00 00 00 00 00 00 00 CE 01 00 00 00 00 00 D8
 40 41 13 05 00 00 00 00 00 00 00 00 00 00 00 00 CE 01 00 00 00 00 00 D8
 40 41 0F 05 00 00 00 00 00 00 00 00 00 00 00 00 CF 01 00 00 00 00 00 C5
 40 41 0F 05 00 00 00 00 00 00 00 00 00 00 00 00 CF 01 00 00 00 00 00 C5
 40 41 0C 05 00 00 00 00 00 00 00 00 00 00 00 00 D0 01 00 00 00 00 00 D9
 40 41 0C 05 00 00 00 00 00 00 00 00 00 00 00 00 D0 01 00 00 00 00 00 D9
 40 41 09 05 00 00 00 00 00 00 00 00 00 00 00 00 D1 01 00 00 00 00 00 DD
 40 41 09 05 00 00 00 00 00 00 00 00 00 00 00 00 D1 01 00 00 00 00 00 DD
 40 41 06 05 00 00 00 00 00 00 00 00 00 00 00 00 D2 01 00 00 00 00 00 D1
 40 41 06 05 00 00 00 00 00 00 00 00 00 00 00 00 D2 01 00 00 00 00 00 D1
 40 41 03 05 00 00 00 00 00 00 00 00 00 00 00 00 D3 01 00 00 00 00 00 D5
 40 41 03 05 00 00 00 00 00 00 00 00 00 00 00 00 D3 01 00 00 00 00 00 D5
 40 41 00 05 00 00 00 00 00 00 00 00 00 00 00 00 D4 01 00 00 00 00 00 D1
 40 41 00 05 00 00 00 00 00 00 00 00 00 00 00 00 D4 01 00 00 00 00 00 D1
 40 41 FD 04 00 00 00 00 00 00 00 00 00 00 00 00 D5 01 00 00 00 00 00 2C
 40 41 FD 04 00 00 00 00 00 00 00 00 00 00 00 00 D5 01 00 00 00 00 00 2C
 40 41 FA 04 00 00 00 00 00 00 00 00 00 00 00 00 D6 01 00 00 00 00 00 28
 40 41 FA 04 00 00 00 00 00 00 00 00 00 00 00 00 D6 01 00 00 00 00 00 28
 40 41 F7 04 00 00 00 00 00 00 00 00 00 00 00 00 D7 01 00 00 00 00 00 24
 40 41 F7 04 00 00 00 00 00 00 00 00 00 00 00 00 D7 01 00 00 00 00 00 24
 40 41 F4 04 00 00 00 00 00 00 00 00 00 00 00 00 D8 01 00 00 00 00 00 28
 40 41 F4 04 00 00 00 00 00 00 00 00 00 00 00 00 D8 01 00 00 00 00 00 28
 40 41 F2 04 00 00 00 00 00 00 00 00 00 00 00 00 D9 01 00 00 00 00 00 2F
 40 41 F2 04 00 00 00 00 00 00 00 00 00 00 00 00 D9 01 00 00 00 00 00 2F
 40 41 EF 04 00 00 00 00 00 00 00 00 00 00 00 00 DA 01 00 00 00 00 00 31
 40 41 EF 04 00 00 00 00 00 00 00 00 00 00 00 00 DA 01 00 00 00 00 00 31
 40 41 EC 04 00 00 00 00 00 00 00 00 00 00 00 00 DB 01 00 00 00 00 00 33
 40 41 EC 04 00 00 00 00 00 00 00 00 00 00 00 00 DB 01 00 00 00 00 00 33
 40 41 E9 04 00 00 00 00 00 00 00 00 00 00 00 00 DC 01 00 00 00 00 00 31
 40 41 E9 04 00 00 00 00 00 00 00 00 00 00 00 00 DC 01 00 00 00 00 00 31
 40 41 E6 04 00 00 00 00 00 00 00 00 00 00 00 00 DD 01 00 00 00 00 00 3F
 40 41 E6 04 00 00 00 00 00 00 00 00 00 00 00 00 DD 01 00 00 00 00 00 3F
 40 41 E3 04 00 00 00 00 00 00 00 00 00 00 00 00 DE 01 00 00 00 00 00 39
 40 41 E3 04 00 00 00 00 00 00 00 00 00 00 00 00 DE 01 00 00 00 00 00 39
 40 41 E2 04 00 00 00 00 00 00 00 00 00 00 00 00 DF 01 00 00 00 00 00 39
 40 41 E2 04 00 00 00 00 00 00 00 00 00 00 00 00 DF 01 00 00 00 00 00 39
 40 41 E2 04 00 00 00 00 00 00 00 00 00 00 00 00 E0 01 00 00 00 00 00 06
 40 41 E2 04 00 00 00 00 00 00 00 00 00 00 00 00 E0 01 00 00 00 00 00 06
 40 41 E2 04 00 00 00 00 00 00 00 00 00 00 00 00 E1 01 00 00 00 00 00 07
 40 41 E2 04 00 00 00 00 00 00 00 00 00 00 00 00 E1 01 00 00 00 00 00 07
 40 41 E2 04 00 00 00 00 00 00 00 00 00 00 00 00 E2 01 00 00 00 00 00 04
 40 41 E2 04 00 00 00 00 00 00 00 00 00 00 00 00 E2 01 00 00 00 00 00 04
 40 41 E2 04 00 00 00 00 00 00 00 00 00 00 00 00 E3 01 00 00 00 00 00 05
 40 41 E2 04 00 00 00 00 00 00 00 00 00 00 00 00 E3 01 00 00 00 00 00 05
 40 41 E2 04 00 00 00 00 00 00 00 00 00 00 00 00 E4 01 00 00 00 00 00 02
 40 41 E2 04 00 00 00 00 00 00 00 00 00 00 00 00 E4 01 00 00 00 00 00 02
 40 41 E2 04 00 00 00 00 00 00 00 00 00 00 00 00 E5 01 00 00 00 00 00 03
 40 41 E2 04 00 00 00 00 00 00 00 00 00 00 00 00 E5 01 00 00 00 00 00 03
 40 41 E2 04 00 00 00 00 00 00 00 00 00 00 00 00 E6 01 00 00 00 00 00 00
 40 41 E2 04 00 00 00 00 00 00 00 00 00 00 00 00 E6 01 00 00 00 00 00 00
 40 41 E2 04 00 00 00 00 00 00 00 00 00 00 00 00 E7 01 00 00 00 00 00 01
 40 41 E2 04 00 00 00 00 00 00 00 00 00 00 00 00 E7 01 00 00 00 00 00 01
 40 41 E2 04 00 00 00 00 00 00 00 00 00 00 00 00 E8 01 00 00 00 00 00 0E
 40 41 E2 04 00 00 00 00 00 00 00 00 00 00 00 00 E8 01 00 00 00 00 00 0E
 40 41 E2 04 00 00 00 00 00 00 00 00 00 00 00 00 E9 01 00 00 00 00 00 0F
 40 41 E2 04 00 00 00 00 00 00 00 00 00 00 00 00 E9 01 00 00 00 00 00 0F
 40 41 E2 04 00 00 00 00 00 00 00 00 00 00 00 00 EA 01 00 00 00 00 00 0C
 40 41 E2 04 00 00 00 00 00 00 00 00 00 00 00 00 EA 01 00 00 00 00 00 0C
 40 41 E2 04 00 00 00 00 00 00 00 00 00 00 00 00 EB 01 00 00 00 00 00 0D
 40 41 E2 04 00 00 00 00 00 00 00 00 00 00 00 00 EB 01 00 00 00 00 00 0D
 40 41 E2 04 00 00 00 00 00 00 00 00 00 00 00 00 EC 01 00 00 00 00 00 0A
 40 41 E2 04 00 00 00 00 00 00 00 00 00 00 00 00 EC 01 00 00 00 00 00 0A
 40 41 E2 04 00 00 00 00 00 00 00 00 00 00 00 00 ED 01 00 00 00 00 00 0B
 40 41 E2 04 00 00 00 00 00 00 00 00 00 00 00 00 ED 01 00 00 00 00 00 0B
 40 41 E2 04 00 00 00 00 00 00 00 00 00 00 00 00 EE 01 00 00 00 00 00 08
 40 41 E2 04 00 00 00 00 00 00 00 00 00 00 00 00 EE 01 00 00 00 00 00 08
 40 41 E2 04 00 00 00 00 00 00 00 00 00 00 00 00 EF 01 00 00 00 00 00 09
 40 41 E2 04 00 00 00 00 00 00 00 00 00 00 00 00 EF 01 00 00 00 00 00 09
 40 41 E2 04 00 00 00 00 00 00 00 00 00 00 00 00 F0 01 00 00 00 00 00 16
 40 41 E2 04 00 00 00 00 00 00 00 00 00 00 00 00 F0 01 00 00 00 00 00 16
 40 41 E2 04 00 00 00 00 00 00 00 00 00 00 00 00 F1 01 00 00 00 00 00 17
 40 41 E2 04 00 00 00 00 00 00 00 00 00 00 00 00 F1 01 00 00 00 00 00 17
 40 41 E2 04 00 00 00 00 00 00 00 00 00 00 00 00 F2 01 00 00 00 00 00 14
 40 41 E2 04 00 00 00 00 00 00 00 00 00 00 00 00 F2 01 00 00 00 00 00 14
 40 41 E2 04 00 00 00 00 00 00 00 00 00 00 00 00 F3 01 00 00 00 00 00 15
 40 41 E2 04 00 00 00 00 00 00 00 00 00 00 00 00 F3 01 00 00 00 00 00 15
 40 41 E2 04 00 00 00 00 00 00 00 00 00 00 00 00 F4 01 00 00 00 00 00 12
 40 41 E2 04 00 00 00 00 00 00 00 00 00 00 00 00 F4 01 00 00 00 00 00 12
 40 41 F8 24 00 00 00 00 00 00 00 00 00 00 00 00 00 01 00 00 00 00 00 DC
 40 41 F8 24 00 00 00 00 00 00 00 00 00 00 00 00 00 01 00 00 00 00 00 DC
 40 41 8D 20 00 00 00 00 00 00 00 00 00 00 00 00 01 01 00 00 00 00 00 AC
 40 41 8D 20 00 00 00 00 00 00 00 00 00 00 00 00 01 01 00 00 00 00 00 AC
 40 41 A7 1D 00 00 00 00 00 00 00 00 00 00 00 00 02 01 00 00 00 00 00 B8
 40 41 A7 1D 00 00 00 00 00 00 00 00 00 00 00 00 02 01 00 00 00 00 00 B8
 40 41 61 1B 00 00 00 00 00 00 00 00 00 00 00 00 03 01 00 00 00 00 00 79
 40 41 61 1B 00 00 00 00 00 00 00 00 00 00 00 00 03 01 00 00 00 00 00 79
 40 41 9C 19 00 00 00 00 00 00 00 00 00 00 00 00 04 01 00 00 00 00 00 81
 40 41 9C 19 00 00 00 00 00 00 00 00 00 00 00 00 04 01 00 00 00 00 00 81
 40 41 22 18 00 00 00 00 00 00 00 00 00 00 00 00 05 01 00 00 00 00 00 3F
 40 41 22 18 00 00 00 00 00 00 00 00 00 00 00 00 05 01 00 00 00 00 00 3F
 40 41 E3 16 00 00 00 00 00 00 00 00 00 00 00 00 06 01 00 00 00 00 00 F3
 40 41 E3 16 00 00 00 00 00 00 00 00 00 00 00 00 06 01 00 00 00 00 00 F3
 40 41 D5 15 00 00 00 00 00 00 00 00 00 00 00 00 07 01 00 00 00 00 00 C7
 40 41 D5 15 00 00 00 00 00 00 00 00 00 00 00 00 07 01 00 00 00 00 00 C7
 40 41 E6 14 00 00 00 00 00 00 00 00 00 00 00 00 08 01 00 00 00 00 00 FA
 40 41 E6 14 00 00 00 00 00 00 00 00 00 00 00 00 08 01 00 00 00 00 00 FA
 40 41 11 14 00 00 00 00 00 00 00 00 00 00 00 00 09 01 00 00 00 00 00 0C
 40 41 11 14 00 00 00 00 00 00 00 00 00 00 00 00 09 01 00 00 00 00 00 0C
 40 41 5A 13 00 00 00 00 00 00 00 00 00 00 00 00 0A 01 00 00 00 00 00 43
 40 41 5A 13 00 00 00 00 00 00 00 00 00 00 00 00 0A 01 00 00 00 00 00 43
 40 41 AF 12 00 00 00 00 00 00 00 00 00 00 00 00 0B 01 00 00 00 00 00 B6
 40 41 AF 12 00 00 00 00 00 00 00 00 00 00 00 00 0B 01 00 00 00 00 00 B6
 40 41 1B 12 00 00 00 00 00 00 00 00 00 00 00 00 0C 01 00 00 00 00 00 05
 40 41 1B 12 00 00 00 00 00 00 00 00 00 00 00 00 0C 01 00 00 00 00 00 05
 40 41 90 11 00 00 00 00 00 00 00 00 00 00 00 00 0D 01 00 00 00 00 00 8C
 40 41 90 11 00 00 00 00 00 00 00 00 00 00 00 00 0D 01 00 00 00 00 00 8C
 40 41 13 11 00 00 00 00 00 00 00 00 00 00 00 00 0E 01 00 00 00 00 00 0C
 40 41 13 11 00 00 00 00 00 00 00 00 00 00 00 00 0E 01 00 00 00 00 00 0C
 40 41 A1 10 00 00 00 00 00 00 00 00 00 00 00 00 0F 01 00 00 00 00 00 BE
 40 41 A1 10 00 00 00 00 00 00 00 00 00 00 00 00 0F 01 00 00 00 00 00 BE
 40 41 34 10 00 00 00 00 00 00 00 00 00 00 00 00 10 01 00 00 00 00 00 34
 40 41 34 10 00 00 00 00 00 00 00 00 00 00 00 00 10 01 00 00 00 00 00 34
 40 41 D2 0F 00 00 00 00 00 00 00 00 00 00 00 00 11 01 00 00 00 00 00 CC
 40 41 D2 0F 00 00 00 00 00 00 00 00 00 00 00 00 11 01 00 00 00 00 00 CC
 40 41 74 0F 00 00 00 00 00 00 00 00 00 00 00 00 12 01 00 00 00 00 00 69
 40 41 74 0F 00 00 00 00 00 00 00 00 00 00 00 00 12 01 00 00 00 00 00 69
 40 41 1E 0F 00 00 00 00 00 00 00 00 00 00 00 00 13 01 00 00 00 00 00 02
 40 41 1E 0F 00 00 00 00 00 00 00 00 00 00 00 00 13 01 00 00 00 00 00 02
 40 41 D0 0E 00 00 00 00 00 00 00 00 00 00 00 00 14 01 00 00 00 00 00 CA
 40 41 D0 0E 00 00 00 00 00 00 00 00 00 00 00 00 14 01 00 00 00 00 00 CA
 40 41 85 0E 00 00 00 00 00 00 00 00 00 00 00 00 15 01 00 00 00 00 00 9E
 40 41 85 0E 00 00 00 00 00 00 00 00 00 00 00 00 15 01 00 00 00 00 00 9E
 40 41 3C 0E 00 00 00 00 00 00 00 00 00 00 00 00 16 01 00 00 00 00 00 24
 40 41 3C 0E 00 00 00 00 00 00 00 00 00 00 00 00 16 01 00 00 00 00 00 24
 40 41 F7 0D 00 00 00 00 00 00 00 00 00 00 00 00 17 01 00 00 00 00 00 ED
 40 41 F7 0D 00 00 00 00 00 00 00 00 00 00 00 00 17 01 00 00 00 00 00 ED
 40 41 B7 0D 00 00 00 00 00 00 00 00 00 00 00 00 18 01 00 00 00 00 00 A2
 40 41 B7 0D 00 00 00 00 00 00 00 00 00 00 00 00 18 01 00 00 00 00 00 A2
 40 41 7A 0D 00 00 00 00 00 00 00 00 00 00 00 00 19 01 00 00 00 00 00 6E
 40 41 7A 0D 00 00 00 00 00 00 00 00 00 00 00 00 19 01 00 00 00 00 00 6E
 40 41 42 0D 00 00 00 00 00 00 00 00 00 00 00 00 1A 01 00 00 00 00 00 55
 40 41 42 0D 00 00 00 00 00 00 00 00 00 00 00 00 1A 01 00 00 00 00 00 55
 40 41 0B 0D 00 00 00 00 00 00 00 00 00 00 00 00 1B 01 00 00 00 00 00 1D
 40 41 0B 0D 00 00 00 00 00 00 00 00 00 00 00 00 1B 01 00 00 00 00 00 1D
 40 41 D7 0C 00 00 00 00 00 00 00 00 00 00 00 00 1C 01 00 00 00 00 00 C7
 40 41 D7 0C 00 00 00 00 00 00 00 00 00 00 00 00 1C 01 00 00 00 00 00 C7
 40 41 A6 0C 00 00 00 00 00 00 00 00 00 00 00 00 1D 01 00 00 00 00 00 B7
 40 41 A6 0C 00 00 00 00 00 00 00 00 00 00 00 00 1D 01 00 00 00 00 00 B7
 40 41 75 0C 00 00 00 00 00 00 00 00 00 00 00 00 1E 01 00 00 00 00 00 67
 40 41 75 0C 00 00 00 00 00 00 00 00 00 00 00 00 1E 01 00 00 00 00 00 67
 40 41 47 0C 00 00 00 00 00 00 00 00 00 00 00 00 1F 01 00 00 00 00 00 54
 40 41 47 0C 00 00 00 00 00 00 00 00 00 00 00 00 1F 01 00 00 00 00 00 54
 40 41 1E 0C 00 00 00 00 00 00 00 00 00 00 00 00 20 01 00 00 00 00 00 32
 40 41 1E 0C 00 00 00 00 00 00 00 00 00 00 00 00 20 01 00 00 00 00 00 32
 40 41 F3 0B 00 00 00 00 00 00 00 00 00 00 00 00 21 01 00 00 00 00 00 D9
 40 41 F3 0B 00 00 00 00 00 00 00 00 00 00 00 00 21 01 00 00 00 00 00 D9
 40 41 CB 0B 00 00 00 00 00 00 00 00 00 00 00 00 22 01 00 00 00 00 00 E2
 40 41 CB 0B 00 00 00 00 00 00 00 00 00 00 00 00 22 01 00 00 00 00 00 E2
 40 41 A5 0B 00 00 00 00 00 00 00 00 00 00 00 00 23 01 00 00 00 00 00 8D
 40 41 A5 0B 00 00 00 00 00 00 00 00 00 00 00 00 23 01 00 00 00 00 00 8D
 40 41 7F 0B 00 00 00 00 00 00 00 00 00 00 00 00 24 01 00 00 00 00 00 50
 40 41 7F 0B 00 00 00 00 00 00 00 00 00 00 00 00 24 01 00 00 00 00 00 50
 40 41 5B 0B 00 00 00 00 00 00 00 00 00 00 00 00 25 01 00 00 00 00 00 75
 40 41 5B 0B 00 00 00 00 00 00 00 00 00 00 00 00 25 01 00 00 00 00 00 75
 40 41 3A 0B 00 00 00 00 00 00 00 00 00 00 00 00 26 01 00 00 00 00 00 17
 40 41 3A 0B 00 00 00 00 00 00 00 00 00 00 00 00 26 01 00 00 00 00 00 17
 40 41 17 0B 00 00 00 00 00 00 00 00 00 00 00 00 27 01 00 00 00 00 00 3B
 40 41 17 0B 00 00 00 00 00 00 00 00 00 00 00 00 27 01 00 00 00 00 00 3B
 40 41 F7 0A 00 00 00 00 00 00 00 00 00 00 00 00 28 01 00 00 00 00 00 D5
 40 41 F7 0A 00 00 00 00 00 00 00 00 00 00 00 00 28 01 00 00 00 00 00 D5
 40 41 D8 0A 00 00 00 00 00 00 00 00 00 00 00 00 29 01 00 00 00 00 00 FB
 40 41 D8 0A 00 00 00 00 00 00 00 00 00 00 00 00 29 01 00 00 00 00 00 FB
 40 41 B9 0A 00 00 00 00 00 00 00 00 00 00 00 00 2A 01 00 00 00 00 00 99
 40 41 B9 0A 00 00 00 00 00 00 00 00 00 00 00 00 2A 01 00 00 00 00 00 99
 40 41 9D 0A 00 00 00 00 00 00 00 00 00 00 00 00 2B 01 00 00 00 00 00 BC
 40 41 9D 0A 00 00 00 00 00 00 00 00 00 00 00 00 2B 01 00 00 00 00 00 BC
 40 41 80 0A 00 00 00 00 00 00 00 00 00 00 00 00 2C 01 00 00 00 00 00 A6
 40 41 80 0A 00 00 00 00 00 00 00 00 00 00 00 00 2C 01 00 00 00 00 00 A6
 40 41 65 0A 00 00 00 00 00 00 00 00 00 00 00 00 2D 01 00 00 00 00 00 42
 40 41 65 0A 00 00 00 00 00 00 00 00 00 00 00 00 2D 01 00 00 00 00 00 42
 40 41 4B 0A 00 00 00 00 00 00 00 00 00 00 00 00 2E 01 00 00 00 00 00 6F
 40 41 4B 0A 00 00 00 00 00 00 00 00 00 00 00 00 2E 01 00 00 00 00 00 6F
 40 41 32 0A 00 00 00 00 00 00 00 00 00 00 00 00 2F 01 00 00 00 00 00 17
 40 41 32 0A 00 00 00 00 00 00 00 00 00 00 00 00 2F 01 00 00 00 00 00 17
 40 41 18 0A 00 00 00 00 00 00 00 00 00 00 00 00 30 01 00 00 00 00 00 22
 40 41 18 0A 00 00 00 00 00 00 00 00 00 00 00 00 30 01 00 00 00 00 00 22
 40 41 00 0A 00 00 00 00 00 00 00 00 00 00 00 00 31 01 00 00 00 00 00 3B
 40 41 00 0A 00 00 00 00 00 00 00 00 00 00 00 00 31 01 00 00 00 00 00 3B
 40 41 E7 09 00 00 00 00 00 00 00 00 00 00 00 00 32 01 00 00 00 00 00 DC
 40 41 E7 09 00 00 00 00 00 00 00 00 00 00 00 00 32 01 00 00 00 00 00 DC
 40 41 D1 09 00 00 00 00 00 00 00 00 00 00 00 00 33 01 00 00 00 00 00 EB
 40 41 D1 09 00 00 00 00 00 00 00 00 00 00 00 00 33 01 00 00 00 00 00 EB
 40 41 BA 09 00 00 00 00 00 00 00 00 00 00 00 00 34 01 00 00 00 00 00 87
 40 41 BA 09 00 00 00 00 00 00 00 00 00 00 00 00 34 01 00 00 00 00 00 87
 40 41 A5 09 00 00 00 00 00 00 00 00 00 00 00 00 35 01 00 00 00 00 00 99
 40 41 A5 09 00 00 00 00 00 00 00 00 00 00 00 00 35 01 00 00 00 00 00 99
 40 41 90 09 00 00 00 00 00 00 00 00 00 00 00 00 36 01 00 00 00 00 00 AF
 40 41 90 09 00 00 00 00 00 00 00 00 00 00 00 00 36 01 00 00 00 00 00 AF
 40 41 7B 09 00 00 00 00 00 00 00 00 00 00 00 00 37 01 00 00 00 00 00 45
 40 41 7B 09 00 00 00 00 00 00 00 00 00 00 00 00 37 01 00 00 00 00 00 45
 40 41 67 09 00 00 00 00 00 00 00 00 00 00 00 00 38 01 00 00 00 00 00 56
 40 41 67 09 00 00 00 00 00 00 00 00 00 00 00 00 38 01 00 00 00 00 00 56
 40 41 53 09 00 00 00 00 00 00 00 00 00 00 00 00 39 01 00 00 00 00 00 63
 40 41 53 09 00 00 00 00 00 00 00 00 00 00 00 00 39 01 00 00 00 00 00 63
 40 41 3F 09 00 00 00 00 00 00 00 00 00 00 00 00 3A 01 00 00 00 00 00 0C
 40 41 3F 09 00 00 00 00 00 00 00 00 00 00 00 00 3A 01 00 00 00 00 00 0C
 40 41 2E 09 00 00 00 00 00 00 00 00 00 00 00 00 3B 01 00 00 00 00 00 1C
 40 41 2E 09 00 00 00 00 00 00 00 00 00 00 00 00 3B 01 00 00 00 00 00 1C
 40 41 1B 09 00 00 00 00 00 00 00 00 00 00 00 00 3C 01 00 00 00 00 00 2E
 40 41 1B 09 00 00 00 00 00 00 00 00 00 00 00 00 3C 01 00 00 00 00 00 2E
 40 41 09 09 00 00 00 00 00 00 00 00 00 00 00 00 3D 01 00 00 00 00 00 3D
 40 41 09 09 00 00 00 00 00 00 00 00 00 00 00 00 3D 01 00 00 00 00 00 3D
 40 41 F7 08 00 00 00 00 00 00 00 00 00 00 00 00 3E 01 00 00 00 00 00 C1
 40 41 F7 08 00 00 00 00 00 00 00 00 00 00 00 00 3E 01 00 00 00 00 00 C1
 40 41 E6 08 00 00 00 00 00 00 00 00 00 00 00 00 3F 01 00 00 00 00 00 D1
 40 41 E6 08 00 00 00 00 00 00 00 00 00 00 00 00 3F 01 00 00 00 00 00 D1
 40 41 D6 08 00 00 00 00 00 00 00 00 00 00 00 00 40 01 00 00 00 00 00 9E
 40 41 D6 08 00 00 00 00 00 00 00 00 00 00 00 00 40 01 00 00 00 00 00 9E
 40 41 C6 08 00 00 00 00 00 00 00 00 00 00 00 00 41 01 00 00 00 00 00 8F
 40 41 C6 08 00 00 00 00 00 00 00 00 00 00 00 00 41 01 00 00 00 00 00 8F
 40 41 B5 08 00 00 00 00 00 00 00 00 00 00 00 00 42 01 00 00 00 00 00 FF
 40 41 B5 08 00 00 00 00 00 00 00 00 00 00 00 00 42 01 00 00 00 00 00 FF
 40 41 A6 08 00 00 00 00 00 00 00 00 00 00 00 00 43 01 00 00 00 00 00 ED
 40 41 A6 08 00 00 00 00 00 00 00 00 00 00 00 00 43 01 00 00 00 00 00 ED
 40 41 96 08 00 00 00 00 00 00 00 00 00 00 00 00 44 01 00 00 00 00 00 DA
 40 41 96 08 00 00 00 00 00 00 00 00 00 00 00 00 44 01 00 00 00 00 00 DA
 40 41 88 08 00 00 00 00 00 00 00 00 00 00 00 00 45 01 00 00 00 00 00 C5
 40 41 88 08 00 00 00 00 00 00 00 00 00 00 00 00 45 01 00 00 00 00 00 C5
 40 41 79 08 00 00 00 00 00 00 00 00 00 00 00 00 46 01 00 00 00 00 00 37
 40 41 79 08 00 00 00 00 00 00 00 00 00 00 00 00 46 01 00 00 00 00 00 37
 40 41 6A 08 00 00 00 00 00 00 00 00 00 00 00 00 47 01 00 00 00 00 00 25
 40 41 6A 08 00 00 00 00 00 00 00 00 00 00 00 00 47 01 00 00 00 00 00 25
 40 41 5C 08 00 00 00 00 00 00 00 00 00 00 00 00 48 01 00 00 00 00 00 1C
 40 41 5C 08 00 00 00 00 00 00 00 00 00 00 00 00 48 01 00 00 00 00 00 1C
 40 41 4E 08 00 00 00 00 00 00 00 00 00 00 00 00 49 01 00 00 00 00 00 0F
 40 41 4E 08 00 00 00 00 00 00 00 00 00 00 00 00 49 01 00 00 00 00 00 0F
 40 41 41 08 00 00 00 00 00 00 00 00 00 00 00 00 4A 01 00 00 00 00 00 03
 40 41 41 08 00 00 00 00 00 00 00 00 00 00 00 00 4A 01 00 00 00 00 00 03
 40 41 34 08 00 00 00 00 00 00 00 00 00 00 00 00 4B 01 00 00 00 00 00 77
 40 41 34 08 00 00 00 00 00 00 00 00 00 00 00 00 4B 01 00 00 00 00 00 77
 40 41 27 08 00 00 00 00 00 00 00 00 00 00 00 00 4C 01 00 00 00 00 00 63
 40 41 27 08 00 00 00 00 00 00 00 00 00 00 00 00 4C 01 00 00 00 00 00 63
 40 41 19 08 00 00 00 00 00 00 00 00 00 00 00 00 4D 01 00 00 00 00 00 5C
 40 41 19 08 00 00 00 00 00 00 00 00 00 00 00 00 4D 01 00 00 00 00 00 5C
 40 41 0C 08 00 00 00 00 00 00 00 00 00 00 00 00 4E 01 00 00 00 00 00 4A
 40 41 0C 08 00 00 00 00 00 00 00 00 00 00 00 00 4E 01 00 00 00 00 00 4A
 40 41 00 08 00 00 00 00 00 00 00 00 00 00 00 00 4F 01 00 00 00 00 00 47
 40 41 00 08 00 00 00 00 00 00 00 00 00 00 00 00 4F 01 00 00 00 00 00 47
 40 41 F4 07 00 00 00 00 00 00 00 00 00 00 00 00 50 01 00 00 00 00 00 A3
 40 41 F4 07 00 00 00 00 00 00 00 00 00 00 00 00 50 01 00 00 00 00 00 A3
 40 41 E9 07 00 00 00 00 00 00 00 00 00 00 00 00 51 01 00 00 00 00 00 BF
 40 41 E9 07 00 00 00 00 00 00 00 00 00 00 00 00 51 01 00 00 00 00 00 BF
 40 41 DD 07 00 00 00 00 00 00 00 00 00 00 00 00 52 01 00 00 00 00 00 88
 40 41 DD 07 00 00 00 00 00 00 00 00 00 00 00 00 52 01 00 00 00 00 00 88
 40 41 D1 07 00 00 00 00 00 00 00 00 00 00 00 00 53 01 00 00 00 00 00 85
 40 41 D1 07 00 00 00 00 00 00 00 00 00 00 00 00 53 01 00 00 00 00 00 85
 40 41 C5 07 00 00 00 00 00 00 00 00 00 00 00 00 54 01 00 00 00 00 00 96
 40 41 C5 07 00 00 00 00 00 00 00 00 00 00 00 00 54 01 00 00 00 00 00 96
 40 41 BB 07 00 00 00 00 00 00 00 00 00 00 00 00 55 01 00 00 00 00 00 E9
 40 41 BB 07 00 00 00 00 00 00 00 00 00 00 00 00 55 01 00 00 00 00 00 E9
 40 41 AF 07 00 00 00 00 00 00 00 00 00 00 00 00 56 01 00 00 00 00 00 FE
 40 41 AF 07 00 00 00 00 00 00 00 00 00 00 00 00 56 01 00 00 00 00 00 FE
 40 41 A5 07 00 00 00 00 00 00 00 00 00 00 00 00 57 01 00 00 00 00 00 F5
 40 41 A5 07 00 00 00 00 00 00 00 00 00 00 00 00 57 01 00 00 00 00 00 F5
 40 41 9A 07 00 00 00 00 00 00 00 00 00 00 00 00 58 01 00 00 00 00 00 C5
 40 41 9A 07 00 00 00 00 00 00 00 00 00 00 00 00 58 01 00 00 00 00 00 C5
 40 41 90 07 00 00 00 00 00 00 00 00 00 00 00 00 59 01 00 00 00 00 00 CE
 40 41 90 07 00 00 00 00 00 00 00 00 00 00 00 00 59 01 00 00 00 00 00 CE
 40 41 86 07 00 00 00 00 00 00 00 00 00 00 00 00 5A 01 00 00 00 00 00 DB
 40 41 86 07 00 00 00 00 00 00 00 00 00 00 00 00 5A 01 00 00 00 00 00 DB
 40 41 7B 07 00 00 00 00 00 00 00 00 00 00 00 00 5B 01 00 00 00 00 00 27
 40 41 7B 07 00 00 00 00 00 00 00 00 00 00 00 00 5B 01 00 00 00 00 00 27
 40 41 71 07 00 00 00 00 00 00 00 00 00 00 00 00 5C 01 00 00 00 00 00 2A
 40 41 71 07 00 00 00 00 00 00 00 00 00 00 00 00 5C 01 00 00 00 00 00 2A
 40 41 68 07 00 00 00 00 00 00 00 00 00 00 00 00 5D 01 00 00 00 00 00 32
 40 41 68 07 00 00 00 00 00 00 00 00 00 00 00 00 5D 01 00 00 00 00 00 32
 40 41 5E 07 00 00 00 00 00 00 00 00 00 00 00 00 5E 01 00 00 00 00 00 07
 40 41 5E 07 00 00 00 00 00 00 00 00 00 00 00 00 5E 01 00 00 00 00 00 07
 40 41 55 07 00 00 00 00 00 00 00 00 00 00 00 00 5F 01 00 00 00 00 00 0D
 40 41 55 07 00 00 00 00 00 00 00 00 00 00 00 00 5F 01 00 00 00 00 00 0D
 40 41 4C 07 00 00 00 00 00 00 00 00 00 00 00 00 60 01 00 00 00 00 00 2B
 40 41 4C 07 00 00 00 00 00 00 00 00 00 00 00 00 60 01 00 00 00 00 00 2B
 40 41 42 07 00 00 00 00 00 00 00 00 00 00 00 00 61 01 00 00 00 00 00 24
 40 41 42 07 00 00 00 00 00 00 00 00 00 00 00 00 61 01 00 00 00 00 00 24
 40 41 39 07 00 00 00 00 00 00 00 00 00 00 00 00 62 01 00 00 00 00 00 5C
 40 41 39 07 00 00 00 00 00 00 00 00 00 00 00 00 62 01 00 00 00 00 00 5C
 40 41 30 07 00 00 00 00 00 00 00 00 00 00 00 00 63 01 00 00 00 00 00 54
 40 41 30 07 00 00 00 00 00 00 00 00 00 00 00 00 63 01 00 00 00 00 00 54
 40 41 27 07 00 00 00 00 00 00 00 00 00 00 00 00 64 01 00 00 00 00 00 44
 40 41 27 07 00 00 00 00 00 00 00 00 00 00 00 00 64 01 00 00 00 00 00 44
 40 41 1E 07 00 00 00 00 00 00 00 00 00 00 00 00 65 01 00 00 00 00 00 7C
 40 41 1E 07 00 00 00 00 00 00 00 00 00 00 00 00 65 01 00 00 00 00 00 7C
 40 41 16 07 00 00 00 00 00 00 00 00 00 00 00 00 66 01 00 00 00 00 00 77
 40 41 16 07 00 00 00 00 00 00 00 00 00 00 00 00 66 01 00 00 00 00 00 77
 40 41 0D 07 00 00 00 00 00 00 00 00 00 00 00 00 67 01 00 00 00 00 00 6D
 40 41 0D 07 00 00 00 00 00 00 00 00 00 00 00 00 67 01 00 00 00 00 00 6D
 40 41 05 07 00 00 00 00 00 00 00 00 00 00 00 00 68 01 00 00 00 00 00 6A
 40 41 05 07 00 00 00 00 00 00 00 00 00 00 00 00 68 01 00 00 00 00 00 6A
 40 41 FD 06 00 00 00 00 00 00 00 00 00 00 00 00 69 01 00 00 00 00 00 92
 40 41 FD 06 00 00 00 00 00 00 00 00 00 00 00 00 69 01 00 00 00 00 00 92
 40 41 F5 06 00 00 00 00 00 00 00 00 00 00 00 00 6A 01 00 00 00 00 00 99
 40 41 F5 06 00 00 00 00 00 00 00 00 00 00 00 00 6A 01 00 00 00 00 00 99
 40 41 ED 06 00 00 00 00 00 00 00 00 00 00 00 00 6B 01 00 00 00 00 00 80
 40 41 ED 06 00 00 00 00 00 00 00 00 00 00 00 00 6B 01 00 00 00 00 00 80
 40 41 E5 06 00 00 00 00 00 00 00 00 00 00 00 00 6C 01 00 00 00 00 00 8F
 40 41 E5 06 00 00 00 00 00 00 00 00 00 00 00 00 6C 01 00 00 00 00 00 8F
 40 41 DD 06 00 00 00 00 00 00 00 00 00 00 00 00 6D 01 00 00 00 00 00 B6
 40 41 DD 06 00 00 00 00 00 00 00 00 00 00 00 00 6D 01 00 00 00 00 00 B6
 40 41 D6 06 00 00 00 00 00 00 00 00 00 00 00 00 6E 01 00 00 00 00 00 BE
 40 41 D6 06 00 00 00 00 00 00 00 00 00 00 00 00 6E 01 00 00 00 00 00 BE
 40 41 CE 06 00 00 00 00 00 00 00 00 00 00 00 00 6F 01 00 00 00 00 00 A7
 40 41 CE 06 00 00 00 00 00 00 00 00 00 00 00 00 6F 01 00 00 00 00 00 A7
 40 41 C7 06 00 00 00 00 00 00 00 00 00 00 00 00 70 01 00 00 00 00 00 B1
 40 41 C7 06 00 00 00 00 00 00 00 00 00 00 00 00 70 01 00 00 00 00 00 B1
 40 41 BF 06 00 00 00 00 00 00 00 00 00 00 00 00 71 01 00 00 00 00 00 C8
 40 41 BF 06 00 00 00 00 00 00 00 00 00 00 00 00 71 01 00 00 00 00 00 C8
 40 41 B8 06 00 00 00 00 00 00 00 00 00 00 00 00 72 01 00 00 00 00 00 CC
 40 41 B8 06 00 00 00 00 00 00 00 00 00 00 00 00 72 01 00 00 00 00 00 CC
 40 41 B0 06 00 00 00 00 00 00 00 00 00 00 00 00 73 01 00 00 00 00 00 C5
 40 41 B0 06 00 00 00 00 00 00 00 00 00 00 00 00 73 01 00 00 00 00 00 C5
 40 41 A9 06 00 00 00 00 00 00 00 00 00 00 00 00 74 01 00 00 00 00 00 DB
 40 41 A9 06 00 00 00 00 00 00 00 00 00 00 00 00 74 01 00 00 00 00 00 DB
 40 41 A2 06 00 00 00 00 00 00 00 00 00 00 00 00 75 01 00 00 00 00 00 D1
 40 41 A2 06 00 00 00 00 00 00 00 00 00 00 00 00 75 01 00 00 00 00 00 D1
 40 41 9B 06 00 00 00 00 00 00 00 00 00 00 00 00 76 01 00 00 00 00 00 EB
 40 41 9B 06 00 00 00 00 00 00 00 00 00 00 00 00 76 01 00 00 00 00 00 EB
 40 41 95 06 00 00 00 00 00 00 00 00 00 00 00 00 77 01 00 00 00 00 00 E4
 40 41 95 06 00 00 00 00 00 00 00 00 00 00 00 00 77 01 00 00 00 00 00 E4
 40 41 8E 06 00 00 00 00 00 00 00 00 00 00 00 00 78 01 00 00 00 00 00 F0
 40 41 8E 06 00 00 00 00 00 00 00 00 00 00 00 00 78 01 00 00 00 00 00 F0
 40 41 87 06 00 00 00 00 00 00 00 00 00 00 00 00 79 01 00 00 00 00 00 F8
 40 41 87 06 00 00 00 00 00 00 00 00 00 00 00 00 79 01 00 00 00 00 00 F8
 40 41 80 06 00 00 00 00 00 00 00 00 00 00 00 00 7A 01 00 00 00 00 00 FC
 40 41 80 06 00 00 00 00 00 00 00 00 00 00 00 00 7A 01 00 00 00 00 00 FC
 40 41 7A 06 00 00 00 00 00 00 00 00 00 00 00 00 7B 01 00 00 00 00 00 07
 40 41 7A 06 00 00 00 00 00 00 00 00 00 00 00 00 7B 01 00 00 00 00 00 07
 40 41 73 06 00 00 00 00 00 00 00 00 00 00 00 00 7C 01 00 00 00 00 00 09
 40 41 73 06 00 00 00 00 00 00 00 00 00 00 00 00 7C 01 00 00 00 00 00 09
 40 41 6D 06 00 00 00 00 00 00 00 00 00 00 00 00 7D 01 00 00 00 00 00 16
 40 41 6D 06 00 00 00 00 00 00 00 00 00 00 00 00 7D 01 00 00 00 00 00 16
 40 41 67 06 00 00 00 00 00 00 00 00 00 00 00 00 7E 01 00 00 00 00 00 1F
 40 41 67 06 00 00 00 00 00 00 00 00 00 00 00 00 7E 01 00 00 00 00 00 1F
 40 41 61 06 00 00 00 00 00 00 00 00 00 00 00 00 7F 01 00 00 00 00 00 18
 40 41 61 06 00 00 00 00 00 00 00 00 00 00 00 00 7F 01 00 00 00 00 00 18
 40 41 5A 06 00 00 00 00 00 00 00 00 00 00 00 00 80 01 00 00 00 00 00 DC
 40 41 5A 06 00 00 00 00 00 00 00 00 00 00 00 00 80 01 00 00 00 00 00 DC
 40 41 55 06 00 00 00 00 00 00 00 00 00 00 00 00 81 01 00 00 00 00 00 D2
 40 41 55 06 00 00 00 00 00 00 00 00 00 00 00 00 81 01 00 00 00 00 00 D2
 40 41 4E 06 00 00 00 00 00 00 00 00 00 00 00 00 82 01 00 00 00 00 00 CA
 40 41 4E 06 00 00 00 00 00 00 00 00 00 00 00 00 82 01 00 00 00 00 00 CA
 40 41 48 06 00 00 00 00 00 00 00 00 00 00 00 00 83 01 00 00 00 00 00 CD
 40 41 48 06 00 00 00 00 00 00 00 00 00 00 00 00 83 01 00 00 00 00 00 CD
 40 41 43 06 00 00 00 00 00 00 00 00 00 00 00 00 84 01 00 00 00 00 00 C1
 40 41 43 06 00 00 00 00 00 00 00 00 00 00 00 00 84 01 00 00 00 00 00 C1
 40 41 3C 06 00 00 00 00 00 00 00 00 00 00 00 00 85 01 00 00 00 00 00 BF
 40 41 3C 06 00 00 00 00 00 00 00 00 00 00 00 00 85 01 00 00 00 00 00 BF
 40 41 37 06 00 00 00 00 00 00 00 00 00 00 00 00 86 01 00 00 00 00 00 B7
 40 41 37 06 00 00 00 00 00 00 00 00 00 00 00 00 86 01 00 00 00 00 00 B7
 40 41 31 06 00 00 00 00 00 00 00 00 00 00 00 00 87 01 00 00 00 00 00 B0
 40 41 31 06 00 00 00 00 00 00 00 00 00 00 00 00 87 01 00 00 00 00 00 B0
 40 41 2C 06 00 00 00 00 00 00 00 00 00 00 00 00 88 01 00 00 00 00 00 A2
 40 41 2C 06 00 00 00 00 00 00 00 00 00 00 00 00 88 01 00 00 00 00 00 A2
 40 41 26 06 00 00 00 00 00 00 00 00 00 00 00 00 89 01 00 00 00 00 00 A9
 40 41 26 06 00 00 00 00 00 00 00 00 00 00 00 00 89 01 00 00 00 00 00 A9
 40 41 20 06 00 00 00 00 00 00 00 00 00 00 00 00 8A 01 00 00 00 00 00 AC
 40 41 20 06 00 00 00 00 00 00 00 00 00 00 00 00 8A 01 00 00 00 00 00 AC
 40 41 1B 06 00 00 00 00 00 00 00 00 00 00 00 00 8B 01 00 00 00 00 00 96
 40 41 1B 06 00 00 00 00 00 00 00 00 00 00 00 00 8B 01 00 00 00 00 00 96
 40 41 15 06 00 00 00 00 00 00 00 00 00 00 00 00 8C 01 00 00 00 00 00 9F
 40 41 15 06 00 00 00 00 00 00 00 00 00 00 00 00 8C 01 00 00 00 00 00 9F
 40 41 10 06 00 00 00 00 00 00 00 00 00 00 00 00 8D 01 00 00 00 00 00 9B
 40 41 10 06 00 00 00 00 00 00 00 00 00 00 00 00 8D 01 00 00 00 00 00 9B
 40 41 0B 06 00 00 00 00 00 00 00 00 00 00 00 00 8E 01 00 00 00 00 00 83
 40 41 0B 06 00 00 00 00 00 00 00 00 00 00 00 00 8E 01 00 00 00 00 00 83
 40 41 06 06 00 00 00 00 00 00 00 00 00 00 00 00 8F 01 00 00 00 00 00 8F
 40 41 06 06 00 00 00 00 00 00 00 00 00 00 00 00 8F 01 00 00 00 00 00 8F
 40 41 00 06 00 00 00 00 00 00 00 00 00 00 00 00 90 01 00 00 00 00 00 96
 40 41 00 06 00 00 00 00 00 00 00 00 00 00 00 00 90 01 00 00 00 00 00 96
 40 41 FB 05 00 00 00 00 00 00 00 00 00 00 00 00 91 01 00 00 00 00 00 6F
 40 41 FB 05 00 00 00 00 00 00 00 00 00 00 00 00 91 01 00 00 00 00 00 6F
 40 41 F6 05 00 00 00 00 00 00 00 00 00 00 00 00 92 01 00 00 00 00 00 61
 40 41 F6 05 00 00 00 00 00 00 00 00 00 00 00 00 92 01 00 00 00 00 00 61
 40 41 F1 05 00 00 00 00 00 00 00 00 00 00 00 00 93 01 00 00 00 00 00 67
 40 41 F1 05 00 00 00 00 00 00 00 00 00 00 00 00 93 01 00 00 00 00 00 67
 40 41 EC 05 00 00 00 00 00 00 00 00 00 00 00 00 94 01 00 00 00 00 00 7D
 40 41 EC 05 00 00 00 00 00 00 00 00 00 00 00 00 94 01 00 00 00 00 00 7D
 40 41 E7 05 00 00 00 00 00 00 00 00 00 00 00 00 95 01 00 00 00 00 00 77
 40 41 E7 05 00 00 00 00 00 00 00 00 00 00 00 00 95 01 00 00 00 00 00 77
 40 41 E3 05 00 00 00 00 00 00 00 00 00 00 00 00 96 01 00 00 00 00 00 70
 40 41 E3 05 00 00 00 00 00 00 00 00 00 00 00 00 96 01 00 00 00 00 00 70
 40 41 DE 05 00 00 00 00 00 00 00 00 00 00 00 00 97 01 00 00 00 00 00 4C
 40 41 DE 05 00 00 00 00 00 00 00 00 00 00 00 00 97 01 00 00 00 00 00 4C
 40 41 D9 05 00 00 00 00 00 00 00 00 00 00 00 00 98 01 00 00 00 00 00 44
 40 41 D9 05 00 00 00 00 00 00 00 00 00 00 00 00 98 01 00 00 00 00 00 44
 40 41 D4 05 00 00 00 00 00 00 00 00 00 00 00 00 99 01 00 00 00 00 00 48
 40 41 D4 05 00 00 00 00 00 00 00 00 00 00 00 00 99 01 00 00 00 00 00 48
 40 41 D0 05 00 00 00 00 00 00 00 00 00 00 00 00 9A 01 00 00 00 00 00 4F
 40 41 D0 05 00 00 00 00 00 00 00 00 00 00 00 00 9A 01 00 00 00 00 00 4F
 40 41 CB 05 00 00 00 00 00 00 00 00 00 00 00 00 9B 01 00 00 00 00 00 55
 40 41 CB 05 00 00 00 00 00 00 00 00 00 00 00 00 9B 01 00 00 00 00 00 55
 40 41 C6 05 00 00 00 00 00 00 00 00 00 00 00 00 9C 01 00 00 00 00 00 5F
 40 41 C6 05 00 00 00 00 00 00 00 00 00 00 00 00 9C 01 00 00 00 00 00 5F
 40 41 C1 05 00 00 00 00 00 00 00 00 00 00 00 00 9D 01 00 00 00 00 00 59
 40 41 C1 05 00 00 00 00 00 00 00 00 00 00 00 00 9D 01 00 00 00 00 00 59
 40 41 BD 05 00 00 00 00 00 00 00 00 00 00 00 00 9E 01 00 00 00 00 00 26
 40 41 BD 05 00 00 00 00 00 00 00 00 00 00 00 00 9E 01 00 00 00 00 00 26
 40 41 B8 05 00 00 00 00 00 00 00 00 00 00 00 00 9F 01 00 00 00 00 00 22
 40 41 B8 05 00 00 00 00 00 00 00 00 00 00 00 00 9F 01 00 00 00 00 00 22
 40 41 B4 05 00 00 00 00 00 00 00 00 00 00 00 00 A0 01 00 00 00 00 00 11
 40 41 B4 05 00 00 00 00 00 00 00 00 00 00 00 00 A0 01 00 00 00 00 00 11
 40 41 B0 05 00 00 00 00 00 00 00 00 00 00 00 00 A1 01 00 00 00 00 00 14
 40 41 B0 05 00 00 00 00 00 00 00 00 00 00 00 00 A1 01 00 00 00 00 00 14
 40 41 AB 05 00 00 00 00 00 00 00 00 00 00 00 00 A2 01 00 00 00 00 00 0C
 40 41 AB 05 00 00 00 00 00 00 00 00 00 00 00 00 A2 01 00 00 00 00 00 0C
 40 41 A7 05 00 00 00 00 00 00 00 00 00 00 00 00 A3 01 00 00 00 00 00 01
 40 41 A7 05 00 00 00 00 00 00 00 00 00 00 00 00 A3 01 00 00 00 00 00 01
 40 41 A2 05 00 00 00 00 00 00 00 00 00 00 00 00 A4 01 00 00 00 00 00 03
 40 41 A2 05 00 00 00 00 00 00 00 00 00 00 00 00 A4 01 00 00 00 00 00 03
 40 41 9E 05 00 00 00 00 00 00 00 00 00 00 00 00 A5 01 00 00 00 00 00 3E
 40 41 9E 05 00 00 00 00 00 00 00 00 00 00 00 00 A5 01 00 00 00 00 00 3E
 40 41 9A 05 00 00 00 00 00 00 00 00 00 00 00 00 A6 01 00 00 00 00 00 39
 40 41 9A 05 00 00 00 00 00 00 00 00 00 00 00 00 A6 01 00 00 00 00 00 39
 40 41 96 05 00 00 00 00 00 00 00 00 00 00 00 00 A7 01 00 00 00 00 00 34
 40 41 96 05 00 00 00 00 00 00 00 00 00 00 00 00 A7 01 00 00 00 00 00 34
 40 41 92 05 00 00 00 00 00 00 00 00 00 00 00 00 A8 01 00 00 00 00 00 3F
 40 41 92 05 00 00 00 00 00 00 00 00 00 00 00 00 A8 01 00 00 00 00 00 3F
 40 41 8E 05 00 00 00 00 00 00 00 00 00 00 00 00 A9 01 00 00 00 00 00 22
 40 41 8E 05 00 00 00 00 00 00 00 00 00 00 00 00 A9 01 00 00 00 00 00 22
 40 41 8A 05 00 00 00 00 00 00 00 00 00 00 00 00 AA 01 00 00 00 00 00 25
 40 41 8A 05 00 00 00 00 00 00 00 00 00 00 00 00 AA 01 00 00 00 00 00 25
 40 41 85 05 00 00 00 00 00 00 00 00 00 00 00 00 AB 01 00 00 00 00 00 2B
 40 41 85 05 00 00 00 00 00 00 00 00 00 00 00 00 AB 01 00 00 00 00 00 2B
 40 41 81 05 00 00 00 00 00 00 00 00 00 00 00 00 AC 01 00 00 00 00 00 28
 40 41 81 05 00 00 00 00 00 00 00 00 00 00 00 00 AC 01 00 00 00 00 00 28
 40 41 7E 05 00 00 00 00 00 00 00 00 00 00 00 00 AD 01 00 00 00 00 00 D6
 40 41 7E 05 00 00 00 00 00 00 00 00 00 00 00 00 AD 01 00 00 00 00 00 D6
 40 41 79 05 00 00 00 00 00 00 00 00 00 00 00 00 AE 01 00 00 00 00 00 D2
 40 41 79 05 00 00 00 00 00 00 00 00 00 00 00 00 AE 01 00 00 00 00 00 D2
 40 41 76 05 00 00 00 00 00 00 00 00 00 00 00 00 AF 01 00 00 00 00 00 DC
 40 41 76 05 00 00 00 00 00 00 00 00 00 00 00 00 AF 01 00 00 00 00 00 DC
 40 41 72 05 00 00 00 00 00 00 00 00 00 00 00 00 B0 01 00 00 00 00 00 C7
 40 41 72 05 00 00 00 00 00 00 00 00 00 00 00 00 B0 01 00 00 00 00 00 C7
 40 41 6E 05 00 00 00 00 00 00 00 00 00 00 00 00 B1 01 00 00 00 00 00 DA
 40 41 6E 05 00 00 00 00 00 00 00 00 00 00 00 00 B1 01 00 00 00 00 00 DA
 40 41 6A 05 00 00 00 00 00 00 00 00 00 00 00 00 B2 01 00 00 00 00 00 DD
 40 41 6A 05 00 00 00 00 00 00 00 00 00 00 00 00 B2 01 00 00 00 00 00 DD
 40 41 66 05 00 00 00 00 00 00 00 00 00 00 00 00 B3 01 00 00 00 00 00 D0
 40 41 66 05 00 00 00 00 00 00 00 00 00 00 00 00 B3 01 00 00 00 00 00 D0
 40 41 63 05 00 00 00 00 00 00 00 00 00 00 00 00 B4 01 00 00 00 00 00 D2
 40 41 63 05 00 00 00 00 00 00 00 00 00 00 00 00 B4 01 00 00 00 00 00 D2
 40 41 5F 05 00 00 00 00 00 00 00 00 00 00 00 00 B5 01 00 00 00 00 00 EF
 40 41 5F 05 00 00 00 00 00 00 00 00 00 00 00 00 B5 01 00 00 00 00 00 EF
 40 41 5B 05 00 00 00 00 00 00 00 00 00 00 00 00 B6 01 00 00 00 00 00 E8
 40 41 5B 05 00 00 00 00 00 00 00 00 00 00 00 00 B6 01 00 00 00 00 00 E8
 40 41 58 05 00 00 00 00 00 00 00 00 00 00 00 00 B7 01 00 00 00 00 00 EA
 40 41 58 05 00 00 00 00 00 00 00 00 00 00 00 00 B7 01 00 00 00 00 00 EA
 40 41 54 05 00 00 00 00 00 00 00 00 00 00 00 00 B8 01 00 00 00 00 00 E9
 40 41 54 05 00 00 00 00 00 00 00 00 00 00 00 00 B8 01 00 00 00 00 00 E9
 40 41 50 05 00 00 00 00 00 00 00 00 00 00 00 00 B9 01 00 00 00 00 00 EC
 40 41 50 05 00 00 00 00 00 00 00 00 00 00 00 00 B9 01 00 00 00 00 00 EC
 40 41 4D 05 00 00 00 00 00 00 00 00 00 00 00 00 BA 01 00 00 00 00 00 F2
 40 41 4D 05 00 00 00 00 00 00 00 00 00 00 00 00 BA 01 00 00 00 00 00 F2
 40 41 49 05 00 00 00 00 00 00 00 00 00 00 00 00 BB 01 00 00 00 00 00 F7
 40 41 49 05 00 00 00 00 00 00 00 00 00 00 00 00 BB 01 00 00 00 00 00 F7
 40 41 46 05 00 00 00 00 00 00 00 00 00 00 00 00 BC 01 00 00 00 00 00 FF
 40 41 46 05 00 00 00 00 00 00 00 00 00 00 00 00 BC 01 00 00 00 00 00 FF
 40 41 42 05 00 00 00 00 00 00 00 00 00 00 00 00 BD 01 00 00 00 00 00 FA
 40 41 42 05 00 00 00 00 00 00 00 00 00 00 00 00 BD 01 00 00 00 00 00 FA
 40 41 3F 05 00 00 00 00 00 00 00 00 00 00 00 00 BE 01 00 00 00 00 00 84
 40 41 3F 05 00 00 00 00 00 00 00 00 00 00 00 00 BE 01 00 00 00 00 00 84
 40 41 3B 05 00 00 00 00 00 00 00 00 00 00 00 00 BF 01 00 00 00 00 00 81
 40 41 3B 05 00 00 00 00 00 00 00 00 00 00 00 00 BF 01 00 00 00 00 00 81
 40 41 38 05 00 00 00 00 00 00 00 00 00 00 00 00 C0 01 00 00 00 00 00 FD
 40 41 38 05 00 00 00 00 00 00 00 00 00 00 00 00 C0 01 00 00 00 00 00 FD
 40 41 35 05 00 00 00 00 00 00 00 00 00 00 00 00 C1 01 00 00 00 00 00 F1
 40 41 35 05 00 00 00 00 00 00 00 00 00 00 00 00 C1 01 00 00 00 00 00 F1
 40 41 31 05 00 00 00 00 00 00 00 00 00 00 00 00 C2 01 00 00 00 00 00 F6
 40 41 31 05 00 00 00 00 00 00 00 00 00 00 00 00 C2 01 00 00 00 00 00 F6
 40 41 2E 05 00 00 00 00 00 00 00 00 00 00 00 00 C3 01 00 00 00 00 00 E8
 40 41 2E 05 00 00 00 00 00 00 00 00 00 00 00 00 C3 01 00 00 00 00 00 E8
 40 41 2B 05 00 00 00 00 00 00 00 00 00 00 00 00 C4 01 00 00 00 00 00 EA
 40 41 2B 05 00 00 00 00 00 00 00 00 00 00 00 00 C4 01 00 00 00 00 00 EA
 40 41 27 05 00 00 00 00 00 00 00 00 00 00 00 00 C5 01 00 00 00 00 00 E7
 40 41 27 05 00 00 00 00 00 00 00 00 00 00 00 00 C5 01 00 00 00 00 00 E7
 40 41 24 05 00 00 00 00 00 00 00 00 00 00 00 00 C6 01 00 00 00 00 00 E7
 40 41 24 05 00 00 00 00 00 00 00 00 00 00 00 00 C6 01 00 00 00 00 00 E7
 40 41 21 05 00 00 00 00 00 00 00 00 00 00 00 00 C7 01 00 00 00 00 00 E3
 40 41 21 05 00 00 00 00 00 00 00 00 00 00 00 00 C7 01 00 00 00 00 00 E3
 40 41 1D 05 00 00 00 00 00 00 00 00 00 00 00 00 C8 01 00 00 00 00 00 D0
 40 41 1D 05 00 00 00 00 00 00 00 00 00 00 00 00 C8 01 00 00 00 00 00 D0
 40 41 1A 05 00 00 00 00 00 00 00 00 00 00 00 00 C9 01 00 00 00 00 00 D6
 40 41 1A 05 00 00 00 00 00 00 00 00 00 00 00 00 C9 01 00 00 00 00 00 D6
 40 41 17 05 00 00 00 00 00 00 00 00 00 00 00 00 CA 01 00 00 00 00 00 D8
 40 41 17 05 00 00 00 00 00 00 00 00 00 00 00 00 CA 01 00 00 00 00 00 D8
 40 41 14 05 00 00 00 00 00 00 00 00 00 00 00 00 CB 01 00 00 00 00 00 DA
 40 41 14 05 00 00 00 00 00 00 00 00 00 00 00 00 CB 01 00 00 00 00 00 DA
 40 41 11 05 00 00 00 00 00 00 00 00 00 00 00 00 CC 01 00 00 00 00 00 D8
 40 41 11 05 00 00 00 00 00 00 00 00 00 00 00 00 CC 01 00 00 00 00 00 D8
 40 41 0E 05 00 00 00 00 00 00 00 00 00 00 00 00 CD 01 00 00 00 00 00 C6
 40 41 0E 05 00 00 00 00 00 00 00 00 00 00 00 00 CD 01 00 00 00 00 00 C6
 40 41 0B 05 00 00 00 00 00 00 00 00 00 00 00 00 CE 01 00 00 00 00 00 C0
 40 41 0B 05 00 00 00 00 00 00 00 00 00 00 00 00 CE 01 00 00 00 00 00 C0
 40 41 08 05 00 00 00 00 00 00 00 00 00 00 00 00 CF 01 00 00 00 00 00 C2
 40 41 08 05 00 00 00 00 00 00 00 00 00 00 00 00 CF 01 00 00 00 00 00 C2
 40 41 05 05 00 00 00 00 00 00 00 00 00 00 00 00 D0 01 00 00 00 00 00 D0
 40 41 05 05 00 00 00 00 00 00 00 00 00 00 00 00 D0 01 00 00 00 00 00 D0
 40 41 02 05 00 00 00 00 00 00 00 00 00 00 00 00 D1 01 00 00 00 00 00 D6
 40 41 02 05 00 00 00 00 00 00 00 00 00 00 00 00 D1 01 00 00 00 00 00 D6
 40 41 FF 04 00 00 00 00 00 00 00 00 00 00 00 00 D2 01 00 00 00 00 00 29
 40 41 FF 04 00 00 00 00 00 00 00 00 00 00 00 00 D2 01 00 00 00 00 00 29
 40 41 FC 04 00 00 00 00 00 00 00 00 00 00 00 00 D3 01 00 00 00 00 00 2B
 40 41 FC 04 00 00 00 00 00 00 00 00 00 00 00 00 D3 01 00 00 00 00 00 2B
 40 41 F9 04 00 00 00 00 00 00 00 00 00 00 00 00 D4 01 00 00 00 00 00 29
 40 41 F9 04 00 00 00 00 00 00 00 00 00 00 00 00 D4 01 00 00 00 00 00 29
 40 41 F6 04 00 00 00 00 00 00 00 00 00 00 00 00 D5 01 00 00 00 00 00 27
 40 41 F6 04 00 00 00 00 00 00 00 00 00 00 00 00 D5 01 00 00 00 00 00 27
 40 41 F3 04 00 00 00 00 00 00 00 00 00 00 00 00 D6 01 00 00 00 00 00 21
 40 41 F3 04 00 00 00 00 00 00 00 00 00 00 00 00 D6 01 00 00 00 00 00 21
 40 41 F0 04 00 00 00 00 00 00 00 00 00 00 00 00 D7 01 00 00 00 00 00 23
 40 41 F0 04 00 00 00 00 00 00 00 00 00 00 00 00 D7 01 00 00 00 00 00 23
 40 41 ED 04 00 00 00 00 00 00 00 00 00 00 00 00 D8 01 00 00 00 00 00 31
 40 41 ED 04 00 00 00 00 00 00 00 00 00 00 00 00 D8 01 00 00 00 00 00 31
 40 41 EA 04 00 00 00 00 00 00 00 00 00 00 00 00 D9 01 00 00 00 00 00 37
 40 41 EA 04 00 00 00 00 00 00 00 00 00 00 00 00 D9 01 00 00 00 00 00 37
 40 41 E7 04 00 00 00 00 00 00 00 00 00 00 00 00 DA 01 00 00 00 00 00 39
 40 41 E7 04 00 00 00 00 00 00 00 00 00 00 00 00 DA 01 00 00 00 00 00 39
 40 41 E5 04 00 00 00 00 00 00 00 00 00 00 00 00 DB 01 00 00 00 00 00 3A
 40 41 E5 04 00 00 00 00 00 00 00 00 00 00 00 00 DB 01 00 00 00 00 00 3A
 40 41 E2 04 00 00 00 00 00 00 00 00 00 00 00 00 DC 01 00 00 00 00 00 3A
 40 41 E2 04 00 00 00 00 00 00 00 00 00 00 00 00 DC 01 00 00 00 00 00 3A
 40 41 E2 04 00 00 00 00 00 00 00 00 00 00 00 00 DD 01 00 00 00 00 00 3B
 40 41 E2 04 00 00 00 00 00 00 00 00 00 00 00 00 DD 01 00 00 00 00 00 3B
 40 41 E2 04 00 00 00 00 00 00 00 00 00 00 00 00 DE 01 00 00 00 00 00 38
 40 41 E2 04 00 00 00 00 00 00 00 00 00 00 00 00 DE 01 00 00 00 00 00 38
 40 41 E2 04 00 00 00 00 00 00 00 00 00 00 00 00 DF 01 00 00 00 00 00 39
 40 41 E2 04 00 00 00 00 00 00 00 00 00 00 00 00 DF 01 00 00 00 00 00 39
 40 41 E2 04 00 00 00 00 00 00 00 00 00 00 00 00 E0 01 00 00 00 00 00 06
 40 41 E2 04 00 00 00 00 00 00 00 00 00 00 00 00 E0 01 00 00 00 00 00 06
 40 41 E2 04 00 00 00 00 00 00 00 00 00 00 00 00 E1 01 00 00 00 00 00 07
 40 41 E2 04 00 00 00 00 00 00 00 00 00 00 00 00 E1 01 00 00 00 00 00 07
 40 41 E2 04 00 00 00 00 00 00 00 00 00 00 00 00 E2 01 00 00 00 00 00 04
 40 41 E2 04 00 00 00 00 00 00 00 00 00 00 00 00 E2 01 00 00 00 00 00 04
 40 41 E2 04 00 00 00 00 00 00 00 00 00 00 00 00 E3 01 00 00 00 00 00 05
 40 41 E2 04 00 00 00 00 00 00 00 00 00 00 00 00 E3 01 00 00 00 00 00 05
 40 41 E2 04 00 00 00 00 00 00 00 00 00 00 00 00 E4 01 00 00 00 00 00 02
 40 41 E2 04 00 00 00 00 00 00 00 00 00 00 00 00 E4 01 00 00 00 00 00 02
 40 41 E2 04 00 00 00 00 00 00 00 00 00 00 00 00 E5 01 00 00 00 00 00 03
 40 41 E2 04 00 00 00 00 00 00 00 00 00 00 00 00 E5 01 00 00 00 00 00 03
 40 41 E2 04 00 00 00 00 00 00 00 00 00 00 00 00 E6 01 00 00 00 00 00 00
 40 41 E2 04 00 00 00 00 00 00 00 00 00 00 00 00 E6 01 00 00 00 00 00 00
 40 41 E2 04 00 00 00 00 00 00 00 00 00 00 00 00 E7 01 00 00 00 00 00 01
 40 41 E2 04 00 00 00 00 00 00 00 00 00 00 00 00 E7 01 00 00 00 00 00 01
 40 41 E2 04 00 00 00 00 00 00 00 00 00 00 00 00 E8 01 00 00 00 00 00 0E
 40 41 E2 04 00 00 00 00 00 00 00 00 00 00 00 00 E8 01 00 00 00 00 00 0E
 40 41 E2 04 00 00 00 00 00 00 00 00 00 00 00 00 E9 01 00 00 00 00 00 0F
 40 41 E2 04 00 00 00 00 00 00 00 00 00 00 00 00 E9 01 00 00 00 00 00 0F
 40 41 E2 04 00 00 00 00 00 00 00 00 00 00 00 00 EA 01 00 00 00 00 00 0C
 40 41 E2 04 00 00 00 00 00 00 00 00 00 00 00 00 EA 01 00 00 00 00 00 0C
 40 41 E2 04 00 00 00 00 00 00 00 00 00 00 00 00 EB 01 00 00 00 00 00 0D
 40 41 E2 04 00 00 00 00 00 00 00 00 00 00 00 00 EB 01 00 00 00 00 00 0D
 40 41 E2 04 00 00 00 00 00 00 00 00 00 00 00 00 EC 01 00 00 00 00 00 0A
 40 41 E2 04 00 00 00 00 00 00 00 00 00 00 00 00 EC 01 00 00 00 00 00 0A
 40 41 E2 04 00 00 00 00 00 00 00 00 00 00 00 00 ED 01 00 00 00 00 00 0B
 40 41 E2 04 00 00 00 00 00 00 00 00 00 00 00 00 ED 01 00 00 00 00 00 0B
 40 41 E2 04 00 00 00 00 00 00 00 00 00 00 00 00 EE 01 00 00 00 00 00 08
 40 41 E2 04 00 00 00 00 00 00 00 00 00 00 00 00 EE 01 00 00 00 00 00 08
 40 41 E2 04 00 00 00 00 00 00 00 00 00 00 00 00 EF 01 00 00 00 00 00 09
 40 41 E2 04 00 00 00 00 00 00 00 00 00 00 00 00 EF 01 00 00 00 00 00 09
 40 41 E2 04 00 00 00 00 00 00 00 00 00 00 00 00 F0 01 00 00 00 00 00 16
 40 41 E2 04 00 00 00 00 00 00 00 00 00 00 00 00 F0 01 00 00 00 00 00 16
 40 41 E2 04 00 00 00 00 00 00 00 00 00 00 00 00 F1 01 00 00 00 00 00 17
 40 41 E2 04 00 00 00 00 00 00 00 00 00 00 00 00 F1 01 00 00 00 00 00 17
 40 41 E2 04 00 00 00 00 00 00 00 00 00 00 00 00 F2 01 00 00 00 00 00 14
 40 41 E2 04 00 00 00 00 00 00 00 00 00 00 00 00 F2 01 00 00 00 00 00 14
 40 41 E2 04 00 00 00 00 00 00 00 00 00 00 00 00 F3 01 00 00 00 00 00 15
 40 41 E2 04 00 00 00 00 00 00 00 00 00 00 00 00 F3 01 00 00 00 00 00 15
 40 41 E2 04 00 00 00 00 00 00 00 00 00 00 00 00 F4 01 00 00 00 00 00 12
 40 41 E2 04 00 00 00 00 00 00 00 00 00 00 00 00 F4 01 00 00 00 00 00 12
 40 5A 00 00 00 00 00 00 00 00 00 00 00 00 00 00 07 01 00 00 00 00 00 1C
 40 5A 00 00 00 00 00 00 00 00 00 00 00 00 00 00 07 01 00 00 00 00 00 1C
 40 53 00 00 00 00 00 00 00 00 00 00 00 00 00 00 01 01 00 00 00 00 00 13
 40 58 00 00 00 00 00 00 00 00 00 00 00 00 00 00 01 01 00 00 00 00 00 18
 40 57 00 00 00 00 00 00 00 00 00 00 00 00 00 00 01 01 00 00 00 00 00 17
 40 58 00 00 00 00 00 00 00 00 00 00 00 00 00 00 01 01 00 00 00 00 00 18
 40 57 00 00 00 00 00 00 00 00 00 00 00 00 00 00 01 01 00 00 00 00 00 17
 40 58 00 00 00 00 00 00 00 00 00 00 00 00 00 00 01 01 00 00 00 00 00 18
 40 57 00 00 00 00 00 00 00 00 00 00 00 00 00 00 01 01 00 00 00 00 00 17
 40 4A 00 00 00 00 00 00 00 00 00 00 00 00 88 13 00 01 00 00 00 00 00 90